  1.6158990e-003  6.3039915e-004
  3.6133398e-003  3.3448344e-003
  8.3349777e-003 -5.3670063e-003
 -6.1218557e-003  2.2558075e-003
 -1.1365530e-002 -6.0129300e-003
  3.5015965e-003  5.7680452e-003
  8.3690404e-003 -5.9437323e-003
 -2.4524801e-003  4.2937713e-003
  1.0335154e-002  4.6582564e-004
 -5.6662217e-003 -2.1154923e-003
  3.5116480e-001  1.4610146e-003
  3.6069057e-001  4.8106592e-003
  3.5593513e-001  1.1921482e-003
  3.6386694e-001  1.5065194e-002
  3.6684230e-001  3.9611197e-002
  3.4543692e-001  4.7984178e-002
  3.4906349e-001  6.2596865e-002
  3.5052197e-001  7.7723708e-002
  3.5436472e-001  9.6451936e-002
  3.5609326e-001  1.0974319e-001
  3.6071936e-001  1.2512686e-001
  3.5298997e-001  1.4752197e-001
  3.4942474e-001  1.5905304e-001
  3.5314023e-001  1.6732262e-001
  3.6675365e-001  1.7210027e-001
  3.5890634e-001  1.8772596e-001
  3.5359724e-001  1.9669698e-001
  3.6691044e-001  2.1147864e-001
  3.6779434e-001  2.0847919e-001
  3.6752598e-001  2.1471784e-001
  3.5058150e-001  2.2443534e-001
  3.5335651e-001  2.3019179e-001
  3.5697313e-001  2.4192955e-001
  3.5122647e-001  2.4024887e-001
  3.5140277e-001  2.4534270e-001
  3.5791525e-001  2.4981531e-001
  3.4867948e-001  2.4795006e-001
  3.6400169e-001  2.5037523e-001
  3.5028289e-001  2.5705218e-001
  3.5009072e-001  2.6017332e-001
  3.5095671e-001  2.6125942e-001
  3.6419142e-001  2.6895987e-001
  3.6366941e-001  2.6825237e-001
  3.6235301e-001  2.6677651e-001
  3.6558254e-001  2.7041102e-001
  3.6654070e-001  2.7705559e-001
  3.6548276e-001  2.6863316e-001
  3.5295198e-001  2.7491193e-001
  3.5607340e-001  2.7988433e-001
  3.5200803e-001  2.7950711e-001
  3.4870531e-001  2.7285491e-001
  3.4640946e-001  2.7270448e-001
  3.5040563e-001  2.7359445e-001
  3.5966999e-001  2.8206371e-001
  3.5351065e-001  2.7319740e-001
  3.6444457e-001  2.7204824e-001
  3.6578505e-001  2.7763692e-001
  3.6394755e-001  2.8518415e-001
  3.6114769e-001  2.7661275e-001
  3.6499685e-001  2.7924642e-001
  3.5741264e-001  2.7428082e-001
  3.6290198e-001  2.8655646e-001
  3.5838299e-001  2.7808319e-001
  3.6720822e-001  2.8161242e-001
  3.6295507e-001  2.7547660e-001
  3.6303025e-001  2.8206407e-001
  3.5129485e-001  2.7687830e-001
  3.5497388e-001  2.7794926e-001
  3.6613873e-001  2.8513594e-001
  3.5225010e-001  2.8553512e-001
  3.5506139e-001  2.8062542e-001
  3.5589922e-001  2.8522041e-001
  3.6203611e-001  2.8673685e-001
  3.4475223e-001  2.8582545e-001
  3.4608589e-001  2.8160100e-001
  3.6113444e-001  2.7625556e-001
  3.5251751e-001  2.8265912e-001
  3.6814222e-001  2.8704028e-001
  3.4602752e-001  2.8692605e-001
  6.0907971e-001  2.8283867e-001
  6.0504848e-001  2.8277209e-001
  6.1257184e-001  2.8877029e-001
  5.9561918e-001  2.9272041e-001
  5.9411065e-001  2.9981409e-001
  5.9664306e-001  3.0154702e-001
  6.0943459e-001  3.0969099e-001
  5.9582642e-001  3.2436214e-001
  6.0371209e-001  3.3566530e-001
  6.0863147e-001  3.4128399e-001
  6.0422892e-001  3.5174986e-001
  6.1362235e-001  3.5687296e-001
  5.9928666e-001  3.5680482e-001
  5.9670088e-001  3.6191965e-001
  5.9692258e-001  3.6952382e-001
  6.0329507e-001  3.7285832e-001
  5.9237984e-001  3.7574752e-001
  5.9594898e-001  3.8945700e-001
  5.9765247e-001  3.8229529e-001
  5.9719827e-001  3.8474425e-001
  5.9569427e-001  3.9163147e-001
  5.9282304e-001  3.9669834e-001
  5.9060560e-001  4.0291534e-001
  6.0463546e-001  3.9633966e-001
  6.0751693e-001  4.0437813e-001
  5.9251270e-001  4.0207120e-001
  6.0572296e-001  4.0388608e-001
  5.9140890e-001  4.0881933e-001
  6.1005549e-001  4.1121123e-001
  5.9361048e-001  4.1491354e-001
  6.0800871e-001  4.1288122e-001
  5.9583156e-001  4.0885690e-001
  5.9788773e-001  4.1378359e-001
  6.1071693e-001  4.0874143e-001
  6.0796752e-001  4.1567318e-001
  5.9123805e-001  4.1587427e-001
  6.0936112e-001  4.1525945e-001
  6.0383140e-001  4.1413912e-001
  5.9720140e-001  4.2157608e-001
  5.9262023e-001  4.1230115e-001
  6.0684836e-001  4.1186503e-001
  5.9697928e-001  4.1943076e-001
  5.9814546e-001  4.1997470e-001
  5.9536323e-001  4.2307148e-001
  6.0652775e-001  4.1542680e-001
  6.0674455e-001  4.1538886e-001
  6.0396019e-001  4.2154239e-001
  6.1236252e-001  4.2015749e-001
  5.9354505e-001  4.2536471e-001
  6.0759058e-001  4.2617065e-001
  5.9224684e-001  4.2203445e-001
  6.0919514e-001  4.2368990e-001
  6.0422674e-001  4.2184147e-001
  6.0513462e-001  4.2317997e-001
  5.9221299e-001  4.2072515e-001
  6.1014637e-001  4.2646004e-001
  5.9857962e-001  4.2326528e-001
  6.0313802e-001  4.2390890e-001
  6.0824078e-001  4.2168119e-001
  6.0061059e-001  4.1715023e-001
  5.9331137e-001  4.1489298e-001
  5.9630987e-001  4.2539491e-001
  5.9344488e-001  4.1701317e-001
  6.0912011e-001  4.2561347e-001
  6.0296620e-001  4.2580178e-001
  5.9776290e-001  4.2582990e-001
  5.9145446e-001  4.2484511e-001
  5.9091909e-001  4.1772009e-001
  6.0048883e-001  4.2415163e-001
 -7.1669882e-001  4.2703241e-001
 -7.0003877e-001  4.2330016e-001
 -7.1265896e-001  4.0828032e-001
 -7.1421588e-001  3.6894974e-001
 -7.0564192e-001  3.3241556e-001
 -6.9733316e-001  2.9294808e-001
 -7.0046578e-001  2.5351009e-001
 -6.9671681e-001  2.0886858e-001
 -7.1400651e-001  1.7316054e-001
 -7.1601320e-001  1.2253962e-001
 -7.0344907e-001  9.1412595e-002
 -6.9558381e-001  4.8879760e-002
 -7.0187143e-001  2.2563870e-002
 -6.9730241e-001 -3.8320388e-003
 -7.1654456e-001 -3.7864428e-002
 -6.9837370e-001 -6.5216022e-002
 -7.1795251e-001 -9.1896416e-002
 -7.0118024e-001 -1.1219178e-001
 -7.1187384e-001 -1.1968221e-001
 -6.9583671e-001 -1.3970463e-001
 -7.0361062e-001 -1.6027190e-001
 -7.0716737e-001 -1.7552625e-001
 -7.0319326e-001 -1.8878451e-001
 -6.9706931e-001 -2.0210946e-001
 -7.1046201e-001 -2.1223975e-001
 -7.1815344e-001 -2.2478543e-001
 -7.1845653e-001 -2.2709651e-001
 -7.0804307e-001 -2.4095304e-001
 -7.0165884e-001 -2.4365156e-001
 -7.1315490e-001 -2.4487175e-001
 -6.9689019e-001 -2.5860126e-001
 -7.1821557e-001 -2.5292492e-001
 -7.1398545e-001 -2.6239907e-001
 -7.0151238e-001 -2.7228465e-001
 -7.0022990e-001 -2.6842778e-001
 -7.1369787e-001 -2.7822994e-001
 -6.9620107e-001 -2.8113312e-001
 -7.0903621e-001 -2.8123656e-001
 -7.1489631e-001 -2.8387405e-001
 -7.0172308e-001 -2.8794898e-001
 -7.0416485e-001 -2.8810019e-001
 -7.1349332e-001 -2.8760552e-001
 -7.1024343e-001 -2.9355505e-001
 -6.9715269e-001 -2.9567825e-001
 -7.0312336e-001 -2.9270719e-001
 -6.9494044e-001 -2.9334347e-001
 -7.0430738e-001 -2.9392352e-001
 -7.0071533e-001 -2.9643628e-001
 -6.9629147e-001 -3.0343240e-001
 -6.9461724e-001 -3.0132936e-001
 -7.0657281e-001 -2.9731262e-001
 -7.0831220e-001 -3.0349775e-001
 -6.9959727e-001 -2.9834365e-001
 -6.9811864e-001 -2.9623589e-001
 -6.9470213e-001 -3.0554403e-001
 -7.1174406e-001 -2.9648533e-001
 -7.1577017e-001 -2.9673296e-001
 -6.9998573e-001 -3.0116465e-001
 -7.0107516e-001 -2.9804567e-001
 -7.0711495e-001 -3.0851054e-001
 -7.1629806e-001 -2.9885553e-001
 -7.0916460e-001 -3.0186666e-001
 -7.1797801e-001 -3.0350484e-001
 -7.0903723e-001 -3.0793275e-001
 -7.0515696e-001 -3.0632044e-001
 -7.0828040e-001 -3.0344013e-001
 -7.0905879e-001 -3.0307064e-001
 -7.0345132e-001 -3.0449145e-001
 -7.0608419e-001 -3.1030696e-001
 -7.6423672e-001 -3.0032640e-001
 -7.6683100e-001 -3.0489009e-001
 -7.8264270e-001 -3.0185669e-001
 -7.7390564e-001 -2.9920584e-001
 -7.5905479e-001 -3.0694819e-001
 -7.6109971e-001 -3.0690320e-001
 -7.6841967e-001 -3.0770036e-001
 -7.7453285e-001 -3.0073696e-001
 -7.7057442e-001 -3.0519996e-001
 -7.7460957e-001 -3.0807707e-001
 -7.6068494e-001 -3.0873248e-001
 -7.6177118e-001 -2.9892832e-001
 -7.6997674e-001 -3.0252023e-001
 -7.6139206e-001 -3.0604984e-001
 -7.5952340e-001 -3.0431759e-001
 -7.7735177e-001 -2.9697400e-001
 -7.7845144e-001 -3.0193691e-001
 -7.7530506e-001 -2.9491418e-001
 -7.8259311e-001 -3.0090765e-001
 -7.6406842e-001 -3.0414476e-001
 -7.7450396e-001 -2.9523662e-001
 -7.6884286e-001 -2.9813708e-001
 -7.6502284e-001 -3.0517181e-001
 -7.7908491e-001 -3.0377987e-001
 -7.7675459e-001 -3.0364852e-001
 -7.6235695e-001 -3.0111370e-001
 -7.7883200e-001 -3.0694031e-001
 -7.6271631e-001 -2.9858863e-001
 -7.6498812e-001 -2.9410091e-001
 -7.7240339e-001 -3.0351123e-001
 -7.7230576e-001 -2.9435113e-001
 -7.6133570e-001 -3.0283195e-001
 -7.6825671e-001 -3.0346031e-001
 -7.6996297e-001 -2.9746384e-001
 -7.8173514e-001 -2.9579736e-001
 -7.6914035e-001 -3.0072303e-001
 -7.6443586e-001 -2.9993551e-001
 -7.7135455e-001 -3.0439451e-001
 -7.6127784e-001 -3.0312260e-001
 -7.6769760e-001 -2.9652282e-001
 -7.7130231e-001 -2.9942136e-001
 -7.8202764e-001 -3.0075927e-001
 -7.7632199e-001 -3.0665759e-001
 -7.7110327e-001 -2.9524590e-001
 -7.7542252e-001 -3.0562733e-001
 -7.7277822e-001 -3.0143993e-001
 -7.6119114e-001 -2.9469922e-001
 -7.6652824e-001 -2.9388753e-001
 -7.6824077e-001 -2.9744951e-001
 -7.6351706e-001 -2.9421369e-001
 -7.6125963e-001 -2.9499188e-001
 -7.7479085e-001 -2.9784234e-001
 -7.5950635e-001 -3.0543347e-001
 -7.8019077e-001 -2.9748974e-001
 -7.7050002e-001 -3.0389087e-001
 -7.6267757e-001 -2.9408295e-001
 -7.5898256e-001 -3.0275768e-001
 -7.8264742e-001 -2.9897442e-001
 -7.5956356e-001 -2.9833094e-001
 -7.5985765e-001 -2.9564960e-001
 -7.6338824e-001 -2.9886257e-001
 -7.7298608e-001 -2.9697640e-001
 -7.6125123e-001 -2.9510424e-001
 -7.7209804e-001 -2.9931961e-001
 -7.6492892e-001 -2.9569394e-001
 -7.6303003e-001 -3.0471750e-001
 -7.6166990e-001 -3.0498544e-001
 -7.7413623e-001 -3.0611541e-001
 -7.7568952e-001 -3.0228366e-001
 -4.7603103e-001 -3.0297216e-001
 -4.9208707e-001 -2.9458519e-001
 -4.7201635e-001 -2.9320036e-001
 -4.9272894e-001 -2.9407074e-001
 -4.7851317e-001 -2.9784647e-001
 -4.9358944e-001 -2.9068707e-001
 -4.8715994e-001 -2.9706627e-001
 -4.8640612e-001 -2.8930168e-001
 -4.8654025e-001 -2.8554672e-001
 -4.7196616e-001 -2.9364252e-001
 -4.9512474e-001 -2.8465563e-001
 -4.7802342e-001 -2.8573677e-001
 -4.8838539e-001 -2.9204490e-001
 -4.9044453e-001 -2.8181063e-001
 -4.8154266e-001 -2.7891574e-001
 -4.8045893e-001 -2.8151788e-001
 -4.7703064e-001 -2.7776885e-001
 -4.9439088e-001 -2.7670299e-001
 -4.7418866e-001 -2.7647953e-001
 -4.9100773e-001 -2.7956667e-001
 -4.7451226e-001 -2.8518820e-001
 -4.8795030e-001 -2.7531446e-001
 -4.9023827e-001 -2.7603822e-001
 -4.8491296e-001 -2.7548001e-001
 -4.9272878e-001 -2.8155754e-001
 -4.8008643e-001 -2.7829907e-001
 -4.9547369e-001 -2.8129942e-001
 -4.8241594e-001 -2.8353659e-001
 -4.7456651e-001 -2.7833491e-001
 -4.7634290e-001 -2.7908923e-001
 -4.9418146e-001 -2.7506863e-001
 -4.8899919e-001 -2.8100723e-001
 -4.7549738e-001 -2.7628630e-001
 -4.8717311e-001 -2.7369914e-001
 -4.9527186e-001 -2.8210935e-001
 -4.8278177e-001 -2.7431187e-001
 -4.8873910e-001 -2.7211381e-001
 -4.7307922e-001 -2.7331344e-001
 -4.8734523e-001 -2.7170095e-001
 -4.7441304e-001 -2.8247943e-001
 -4.9001620e-001 -2.8248061e-001
 -4.7309726e-001 -2.7426883e-001
 -4.8155059e-001 -2.7979655e-001
 -4.8875039e-001 -2.7845483e-001
 -4.8135080e-001 -2.7001485e-001
 -4.7954289e-001 -2.7963611e-001
 -4.7604854e-001 -2.7537909e-001
 -4.9507878e-001 -2.7668225e-001
 -4.9370270e-001 -2.7603167e-001
 -4.7925493e-001 -2.7722712e-001
 -4.8360501e-001 -2.7848126e-001
 -4.7226825e-001 -2.7460988e-001
 -4.7239861e-001 -2.7412547e-001
 -4.7884374e-001 -2.7979310e-001
 -4.9341884e-001 -2.7183046e-001
 -4.9554170e-001 -2.8014312e-001
 -4.9151331e-001 -2.7833243e-001
 -4.8158637e-001 -2.7312872e-001
 -4.8834290e-001 -2.7802222e-001
 -4.9416609e-001 -2.7491574e-001
 -4.7376911e-001 -2.7067131e-001
 -4.9514730e-001 -2.6966390e-001
 -4.7639227e-001 -2.6924284e-001
 -4.7604124e-001 -2.7265774e-001
 -4.8082288e-001 -2.8119901e-001
 -4.7448072e-001 -2.8095507e-001
 -4.8159534e-001 -2.7461391e-001
 -4.9541171e-001 -2.7453776e-001
 -4.7783899e-001 -2.7781720e-001
 -5.5707636e-001 -2.8194779e-001
 -5.7129383e-001 -2.8064758e-001
 -5.6282446e-001 -2.7263229e-001
 -5.5583108e-001 -2.7818971e-001
 -5.5752716e-001 -2.7587171e-001
 -5.7533827e-001 -2.7308017e-001
 -5.7356082e-001 -2.8385184e-001
 -5.6046373e-001 -2.7917341e-001
 -5.6679958e-001 -2.8506801e-001
 -5.6417762e-001 -2.8688151e-001
 -5.6338061e-001 -2.8218953e-001
 -5.6181004e-001 -2.8101749e-001
 -5.7474419e-001 -2.8306799e-001
 -5.6906211e-001 -2.9211140e-001
 -5.6712575e-001 -2.8306228e-001
 -5.7073526e-001 -2.9131058e-001
 -5.7510085e-001 -2.9074963e-001
 -5.7471641e-001 -2.9554482e-001
 -5.5516781e-001 -2.9550426e-001
 -5.5853828e-001 -2.9034584e-001
 -5.6326095e-001 -2.9138177e-001
 -5.6751214e-001 -2.8833266e-001
 -5.6136600e-001 -2.8530302e-001
 -5.6873248e-001 -2.9069970e-001
 -5.7443778e-001 -2.8715824e-001
 -5.6101177e-001 -2.8911493e-001
 -5.5527316e-001 -2.8873183e-001
 -5.6685088e-001 -2.8881510e-001
 -5.7221930e-001 -2.9898993e-001
 -5.5346291e-001 -2.9907697e-001
 -5.6460151e-001 -2.9112966e-001
 -5.6943575e-001 -2.9647089e-001
 -5.5621543e-001 -2.9357129e-001
 -5.6646046e-001 -2.9449566e-001
 -5.6235933e-001 -2.8879659e-001
 -5.6158092e-001 -2.9833214e-001
 -5.5423806e-001 -2.8884748e-001
 -5.6065715e-001 -2.8986839e-001
 -5.5918115e-001 -2.9458283e-001
 -5.7028779e-001 -2.9750367e-001
 -5.5999905e-001 -2.9765769e-001
 -5.6266411e-001 -2.9143895e-001
 -5.5981876e-001 -2.9087493e-001
 -5.6551116e-001 -2.9048438e-001
 -5.6003794e-001 -2.9787441e-001
 -5.6563880e-001 -2.9832187e-001
 -5.6889720e-001 -2.8967667e-001
 -5.5890239e-001 -2.9322503e-001
 -5.6760990e-001 -2.9582295e-001
 -5.5663032e-001 -2.9160567e-001
 -5.5482078e-001 -2.9347078e-001
 -5.5844944e-001 -2.8754509e-001
 -5.7560056e-001 -2.9908185e-001
 -5.6598023e-001 -2.9246501e-001
 -5.6757467e-001 -2.9701598e-001
 -5.5536790e-001 -2.9083484e-001
 -5.6320111e-001 -2.9210758e-001
 -5.5970127e-001 -2.9743075e-001
 -5.6559320e-001 -2.9909284e-001
 -5.6987138e-001 -2.9769606e-001
 -5.5863662e-001 -2.8944930e-001
 -5.7135100e-001 -2.9966953e-001
 -5.7050033e-001 -2.9458820e-001
 -5.6860583e-001 -2.8936003e-001
 -5.7395359e-001 -2.9822961e-001
 -5.6051631e-001 -2.9743239e-001
 -5.6288939e-001 -2.9913861e-001
 -5.5988620e-001 -3.0025983e-001
 -5.7047817e-001 -2.9777798e-001
 -8.2344992e-001 -2.9241185e-001
 -8.2912440e-001 -2.9400894e-001
 -8.3581821e-001 -2.9967748e-001
 -8.4572273e-001 -2.9889641e-001
 -8.2663701e-001 -2.8939355e-001
 -8.3775158e-001 -2.8888043e-001
 -8.4249610e-001 -2.8934431e-001
 -8.3107963e-001 -2.9919290e-001
 -8.4074159e-001 -2.8655560e-001
 -8.3537760e-001 -2.9344887e-001
 -8.2311825e-001 -2.8803683e-001
 -8.3206541e-001 -2.9822648e-001
 -8.2544829e-001 -2.9302309e-001
 -8.3365815e-001 -2.8620808e-001
 -8.3530518e-001 -2.9604248e-001
 -8.4187753e-001 -2.9040789e-001
 -8.3147408e-001 -2.9705438e-001
 -8.4412275e-001 -2.9133915e-001
 -8.2840659e-001 -2.8643360e-001
 -8.4326031e-001 -2.9700866e-001
 -8.3424707e-001 -2.9383468e-001
 -8.3657840e-001 -2.8670136e-001
 -8.2628047e-001 -2.8751605e-001
 -8.3245406e-001 -2.9285080e-001
 -8.4102359e-001 -2.9634771e-001
 -8.3622606e-001 -2.9332203e-001
 -8.4439849e-001 -2.9321344e-001
 -8.2714112e-001 -2.8628350e-001
 -8.3845385e-001 -2.9035421e-001
 -8.2907568e-001 -2.8741403e-001
 -8.2396983e-001 -2.9703477e-001
 -8.2904236e-001 -2.9411213e-001
 -8.3095203e-001 -2.9329244e-001
 -8.3812079e-001 -2.8530649e-001
 -8.2350805e-001 -2.8435552e-001
 -8.4113655e-001 -2.9166003e-001
 -8.4003213e-001 -2.9663673e-001
 -8.3755684e-001 -2.9336703e-001
 -8.3365061e-001 -2.9594536e-001
 -8.2473195e-001 -2.9285061e-001
 -8.4359079e-001 -2.8810502e-001
 -8.2204941e-001 -2.9387734e-001
 -8.2347708e-001 -2.8778277e-001
 -8.3925642e-001 -2.8658410e-001
 -8.2666531e-001 -2.8503870e-001
 -8.2773566e-001 -2.8508104e-001
 -8.3821568e-001 -2.8758025e-001
 -8.3667041e-001 -2.9655475e-001
 -8.3916076e-001 -2.8545599e-001
 -8.3956903e-001 -2.8603831e-001
 -8.2784620e-001 -2.9237206e-001
 -8.3549698e-001 -2.8637443e-001
 -8.3347557e-001 -2.9325095e-001
 -8.3910526e-001 -2.8568906e-001
 -8.3648109e-001 -2.8943412e-001
 -8.4295444e-001 -2.9428585e-001
 -8.4314799e-001 -2.9647233e-001
 -8.2965277e-001 -2.9138538e-001
 -8.3823699e-001 -2.8990615e-001
 -8.3486179e-001 -2.9679917e-001
 -8.3490245e-001 -2.8614890e-001
 -8.2955046e-001 -2.8733019e-001
 -8.2676042e-001 -2.8879372e-001
 -8.4055604e-001 -2.8395470e-001
 -8.4019455e-001 -2.8815054e-001
 -8.4519274e-001 -2.8993257e-001
 -8.3459159e-001 -2.8599524e-001
 -8.3863310e-001 -2.9019400e-001
 -8.2334525e-001 -2.8495633e-001
  7.2827123e-001 -2.8411754e-001
  7.1783678e-001 -2.9543023e-001
  7.1182607e-001 -2.7693632e-001
  7.1487529e-001 -2.4159426e-001
  7.2742298e-001 -1.9787593e-001
  7.2687896e-001 -1.6083170e-001
  7.2144332e-001 -1.2109186e-001
  7.1919933e-001 -7.8663767e-002
  7.2635473e-001 -2.7346350e-002
  7.1421593e-001  4.1395106e-003
  7.1401147e-001  4.4942415e-002
  7.2546542e-001  8.0931449e-002
  7.3238264e-001  1.0851170e-001
  7.1957968e-001  1.4419562e-001
  7.2869496e-001  1.7613246e-001
  7.2163319e-001  1.9929033e-001
  7.2446273e-001  2.1850844e-001
  7.2253327e-001  2.4025403e-001
  7.2024030e-001  2.6855253e-001
  7.1367707e-001  2.8770275e-001
  7.2763319e-001  2.9661079e-001
  7.2439861e-001  3.1381159e-001
  7.2844237e-001  3.2170055e-001
  7.1770487e-001  3.3611056e-001
  7.1639802e-001  3.4418175e-001
  7.2561008e-001  3.6411656e-001
  7.2081812e-001  3.6388500e-001
  7.2653816e-001  3.7218066e-001
  7.1245683e-001  3.8258372e-001
  7.1582717e-001  3.8714027e-001
  7.1050477e-001  3.8779464e-001
  7.2372071e-001  3.9347978e-001
  7.1408671e-001  4.0670105e-001
  7.1239047e-001  4.0751840e-001
  7.1443572e-001  4.1100212e-001
  7.1363643e-001  4.1007494e-001
  7.2725325e-001  4.2364216e-001
  7.3212568e-001  4.2706719e-001
  7.1379838e-001  4.1948111e-001
  7.2172885e-001  4.2004784e-001
  7.0948553e-001  4.2108718e-001
  7.1944187e-001  4.3148950e-001
  7.2366664e-001  4.3695083e-001
  7.1420782e-001  4.3453257e-001
  7.2994097e-001  4.3694810e-001
  7.3029603e-001  4.3617863e-001
  7.1900425e-001  4.3035667e-001
  7.2816985e-001  4.3254443e-001
  7.1586568e-001  4.3510423e-001
  7.3178204e-001  4.4420587e-001
  7.1234096e-001  4.4103490e-001
  7.1685727e-001  4.4604431e-001
  7.1547059e-001  4.4458845e-001
  7.2395191e-001  4.4126521e-001
  7.2776150e-001  4.4598844e-001
  7.1216144e-001  4.4305359e-001
  7.3265354e-001  4.4158540e-001
  7.2400064e-001  4.4182361e-001
  7.2300766e-001  4.3835102e-001
  7.1139274e-001  4.4803142e-001
  7.1537879e-001  4.4417762e-001
  7.2091939e-001  4.4984954e-001
  7.2119101e-001  4.4553229e-001
  7.1834938e-001  4.5040578e-001
  7.2924537e-001  4.4493231e-001
  7.1776220e-001  4.3921902e-001
  7.2124024e-001  4.4693449e-001
  7.2529495e-001  4.5060710e-001
  7.1629598e-001  4.4838343e-001
 -7.9113945e-001  4.3896633e-001
 -7.9855537e-001  4.4595276e-001
 -7.9349744e-001  4.2760749e-001
 -7.9692425e-001  3.9632581e-001
 -7.9693118e-001  3.6280462e-001
 -8.1179901e-001  3.1620820e-001
 -8.1164041e-001  2.7291632e-001
 -7.9725216e-001  2.2929255e-001
 -8.1054539e-001  1.8036920e-001
 -8.0614459e-001  1.4369766e-001
 -8.0928552e-001  1.0696131e-001
 -8.1128151e-001  7.6804646e-002
 -8.0665659e-001  3.7016325e-002
 -8.0405485e-001  6.6618849e-003
 -8.0419149e-001 -2.6070314e-002
 -7.9437077e-001 -4.4326474e-002
 -8.0483384e-001 -6.9586220e-002
 -7.8810669e-001 -8.9536521e-002
 -8.0266742e-001 -1.1115253e-001
 -7.9367101e-001 -1.2918183e-001
 -7.9124181e-001 -1.4282979e-001
 -7.9777467e-001 -1.6046573e-001
 -8.0470694e-001 -1.7643745e-001
 -8.0321571e-001 -1.8685176e-001
 -8.0368483e-001 -1.9802040e-001
 -8.1121536e-001 -2.1034926e-001
 -7.9258563e-001 -2.1125929e-001
 -8.0614645e-001 -2.2873766e-001
 -8.0358192e-001 -2.3810890e-001
 -8.1142511e-001 -2.3727210e-001
 -7.9897543e-001 -2.3990448e-001
 -8.0993996e-001 -2.4299412e-001
 -7.8902198e-001 -2.4971069e-001
 -7.9769011e-001 -2.5749902e-001
 -7.9902528e-001 -2.6212027e-001
 -8.0301058e-001 -2.7144310e-001
 -8.0047238e-001 -2.6637650e-001
 -7.9526024e-001 -2.6570917e-001
 -8.0852767e-001 -2.6896694e-001
 -7.9793332e-001 -2.7679364e-001
 -7.8905030e-001 -2.7413533e-001
 -7.9162938e-001 -2.7560954e-001
 -7.8960838e-001 -2.8150193e-001
 -8.0387000e-001 -2.7998420e-001
 -8.0026893e-001 -2.9045541e-001
 -8.0850508e-001 -2.7996796e-001
 -8.0689142e-001 -2.9108366e-001
 -8.0008908e-001 -2.8319032e-001
 -7.9266701e-001 -2.8235021e-001
 -8.0052173e-001 -2.8889998e-001
 -8.0267446e-001 -2.9640273e-001
 -8.0512484e-001 -2.9493941e-001
 -7.8881278e-001 -2.8916983e-001
 -8.1053312e-001 -2.9752644e-001
 -7.9575094e-001 -2.9382128e-001
 -7.8817151e-001 -2.8936969e-001
 -8.0785262e-001 -2.9928250e-001
 -7.8800003e-001 -2.9021838e-001
 -8.0335718e-001 -2.9978903e-001
 -7.9933001e-001 -2.8871308e-001
 -8.0962923e-001 -2.9345251e-001
 -7.9451957e-001 -2.9843003e-001
 -7.9465599e-001 -2.9486573e-001
 -7.9733612e-001 -2.9375586e-001
 -8.0249655e-001 -2.9840383e-001
 -8.0816028e-001 -2.9117133e-001
 -7.9979018e-001 -2.9528900e-001
 -8.0375402e-001 -3.0160503e-001
 -7.9017568e-001 -3.0046506e-001
  9.0364589e-001 -2.9323769e-001
  9.1109989e-001 -2.9529382e-001
  8.9593646e-001 -2.8356803e-001
  9.1454662e-001 -2.5278856e-001
  9.0680956e-001 -2.2054793e-001
  9.0758461e-001 -1.8115614e-001
  9.1232604e-001 -1.2873378e-001
  8.9501268e-001 -8.6579257e-002
  9.0324756e-001 -5.4565896e-002
  9.1177385e-001 -1.8697571e-002
  8.9486715e-001  2.2846537e-002
  8.9588286e-001  5.6947715e-002
  8.9702016e-001  8.9923912e-002
  9.0272230e-001  1.1055103e-001
  9.1155852e-001  1.4188258e-001
  9.1137132e-001  1.6532355e-001
  9.0060528e-001  1.8607172e-001
  9.0179325e-001  2.1320631e-001
  8.9532143e-001  2.2196728e-001
  9.0098223e-001  2.4027545e-001
  9.0622964e-001  2.6367692e-001
  9.1444255e-001  2.7012616e-001
  9.0649365e-001  2.7919941e-001
  9.1205303e-001  2.9493057e-001
  8.9444679e-001  3.1123894e-001
  9.0659664e-001  3.2204168e-001
  8.9638917e-001  3.3001378e-001
  9.0534874e-001  3.3149797e-001
  9.0722341e-001  3.3196583e-001
  9.1267385e-001  3.4643310e-001
  8.9150082e-001  3.5385045e-001
  9.0106097e-001  3.5498229e-001
  8.9500049e-001  3.5291056e-001
  9.1372144e-001  3.5871980e-001
  9.1148018e-001  3.6203033e-001
  9.0207504e-001  3.6639587e-001
  9.1075126e-001  3.7578233e-001
  8.9993918e-001  3.8005115e-001
  9.0323046e-001  3.7692805e-001
  9.0349939e-001  3.8031161e-001
  9.1232646e-001  3.7932979e-001
  9.0243662e-001  3.7920890e-001
  9.0813154e-001  3.8620762e-001
  9.0907789e-001  3.8212034e-001
  8.9291062e-001  3.9092046e-001
  8.9568446e-001  3.8253925e-001
  9.0861703e-001  3.8776514e-001
  9.1150268e-001  3.8511747e-001
  9.0417701e-001  3.9126597e-001
  8.9257545e-001  3.8898660e-001
  9.0789301e-001  3.9114054e-001
  9.0113902e-001  3.8905239e-001
  8.9399674e-001  3.8776778e-001
  9.1509192e-001  3.9297284e-001
  9.0144979e-001  3.9024302e-001
  9.0884658e-001  3.9323812e-001
  9.0815791e-001  3.9432863e-001
  8.9629580e-001  3.8979037e-001
  9.1277412e-001  4.0096357e-001
  9.0200876e-001  3.9473341e-001
  9.1083370e-001  3.9402650e-001
  8.9636211e-001  3.9058639e-001
  8.9986146e-001  4.0278861e-001
  8.9354310e-001  3.9516571e-001
  9.0679251e-001  3.9307903e-001
  9.1118407e-001  3.9254848e-001
  9.0898030e-001  3.9722262e-001
  8.9492709e-001  3.9152516e-001
  9.0301515e-001  3.9856457e-001
 -4.5501843e-001  4.0102522e-001
 -4.6927694e-001  3.9907259e-001
 -4.5344556e-001  3.7818946e-001
 -4.7384242e-001  3.5114689e-001
 -4.5469545e-001  3.2520270e-001
 -4.6821839e-001  2.8798058e-001
 -4.6094851e-001  2.3753341e-001
 -4.6116150e-001  2.0827411e-001
 -4.6070600e-001  1.6357124e-001
 -4.5405671e-001  1.3022431e-001
 -4.5385015e-001  9.2120696e-002
 -4.6325037e-001  6.7284139e-002
 -4.6321674e-001  2.6570014e-002
 -4.5955019e-001 -2.8627080e-004
 -4.5704349e-001 -1.8981863e-002
 -4.7489783e-001 -4.9450595e-002
 -4.5763270e-001 -6.8209975e-002
 -4.5398445e-001 -9.0696216e-002
 -4.5427489e-001 -9.9507677e-002
 -4.6665761e-001 -1.2633687e-001
 -4.5419904e-001 -1.4121064e-001
 -4.5534797e-001 -1.5373705e-001
 -4.6080937e-001 -1.5907241e-001
 -4.5565954e-001 -1.6771133e-001
 -4.5514165e-001 -1.7948454e-001
 -4.7169645e-001 -1.8937192e-001
 -4.7209716e-001 -1.9227695e-001
 -4.6752039e-001 -2.0214164e-001
 -4.6682556e-001 -2.0887440e-001
 -4.5602708e-001 -2.1104690e-001
 -4.6314016e-001 -2.1679027e-001
 -4.6597645e-001 -2.2729445e-001
 -4.7495384e-001 -2.3155857e-001
 -4.6403363e-001 -2.3784017e-001
 -4.6597814e-001 -2.4103093e-001
 -4.6326763e-001 -2.3683499e-001
 -4.6483166e-001 -2.4857025e-001
 -4.7433882e-001 -2.4461661e-001
 -4.6546974e-001 -2.4567432e-001
 -4.7233677e-001 -2.5467925e-001
 -4.7417495e-001 -2.5451282e-001
 -4.6633793e-001 -2.6077461e-001
 -4.7417175e-001 -2.5900575e-001
 -4.6527133e-001 -2.6011852e-001
 -4.6004432e-001 -2.6083372e-001
 -4.6695311e-001 -2.6009584e-001
 -4.6119287e-001 -2.6688995e-001
 -4.7329889e-001 -2.6331061e-001
 -4.6975796e-001 -2.5970492e-001
 -4.6586069e-001 -2.6507288e-001
 -4.6928375e-001 -2.5746531e-001
 -4.7260035e-001 -2.6720143e-001
 -4.7294211e-001 -2.6049410e-001
 -4.5716002e-001 -2.6264159e-001
 -4.6633617e-001 -2.7117870e-001
 -4.5673074e-001 -2.7020562e-001
 -4.7172994e-001 -2.6337436e-001
 -4.5427566e-001 -2.7058433e-001
 -4.5689833e-001 -2.6932254e-001
 -4.7475259e-001 -2.6798689e-001
 -4.6141388e-001 -2.6810850e-001
 -4.7386211e-001 -2.6456317e-001
 -4.6335722e-001 -2.6918805e-001
 -4.6021852e-001 -2.7343122e-001
 -4.6260931e-001 -2.6527646e-001
 -4.6647434e-001 -2.7137618e-001
 -4.7239326e-001 -2.6908804e-001
 -4.6538802e-001 -2.6503232e-001
 -4.7482289e-001 -2.7127254e-001
  6.8228715e-001 -2.6339408e-001
  6.8815230e-001 -2.6484741e-001
  6.7542024e-001 -2.5400187e-001
  6.7878230e-001 -2.2282639e-001
  6.7665597e-001 -1.8489878e-001
  6.7225389e-001 -1.5067421e-001
  6.6615646e-001 -1.0149729e-001
  6.8600091e-001 -5.7670028e-002
  6.7661370e-001 -1.6114498e-002
  6.7410997e-001  1.3523337e-002
  6.7062671e-001  5.9875611e-002
  6.7397669e-001  8.4671140e-002
  6.7133139e-001  1.2223688e-001
  6.7238080e-001  1.5313822e-001
  6.8830176e-001  1.7553109e-001
  6.8652631e-001  1.9813017e-001
  6.8294408e-001  2.3063042e-001
  6.8512873e-001  2.4178769e-001
  6.7226376e-001  2.6023828e-001
  6.8647745e-001  2.8098218e-001
  6.7935001e-001  2.9505236e-001
  6.7799520e-001  3.1069757e-001
  6.7947325e-001  3.2360328e-001
  6.8973870e-001  3.3502698e-001
  6.6641657e-001  3.5365473e-001
  6.8687613e-001  3.6215920e-001
  6.8190495e-001  3.7098170e-001
  6.8566682e-001  3.7022795e-001
  6.8455010e-001  3.7388181e-001
  6.7874988e-001  3.9166890e-001
  6.7539430e-001  3.9162576e-001
  6.8442610e-001  3.9784021e-001
  6.7049930e-001  3.9562861e-001
  6.8409873e-001  4.0189814e-001
  6.7074796e-001  4.1429431e-001
  6.8195358e-001  4.0746528e-001
  6.8948175e-001  4.0868587e-001
  6.7620410e-001  4.1163245e-001
  6.8884370e-001  4.1994895e-001
  6.7755877e-001  4.2088147e-001
  6.6991886e-001  4.2425249e-001
  6.8842319e-001  4.2935660e-001
  6.7665353e-001  4.2701294e-001
  6.7347938e-001  4.3363110e-001
  6.8387770e-001  4.2615208e-001
  6.8316283e-001  4.3170212e-001
  6.7706923e-001  4.3792092e-001
  6.7611626e-001  4.3463693e-001
  6.6660179e-001  4.3585188e-001
  6.8531421e-001  4.3358510e-001
  6.8111358e-001  4.2864013e-001
  6.7739336e-001  4.3786326e-001
  6.7843329e-001  4.3718948e-001
  6.8177495e-001  4.4192242e-001
  6.8713999e-001  4.3814126e-001
  6.8648921e-001  4.4344134e-001
  6.7110811e-001  4.3159358e-001
  6.8356960e-001  4.3829620e-001
  6.8831834e-001  4.3486727e-001
  6.7970617e-001  4.3687682e-001
  6.8414248e-001  4.4170501e-001
  6.6910201e-001  4.3586384e-001
  6.8884242e-001  4.3551493e-001
  6.7499834e-001  4.4583366e-001
  6.8009743e-001  4.4154555e-001
  6.8630767e-001  4.3851583e-001
  6.6632888e-001  4.4527063e-001
  6.8778480e-001  4.3622759e-001
  6.8765344e-001  4.4205271e-001
 -5.0295860e-001  4.3894423e-001
 -4.9686284e-001  4.4133716e-001
 -5.1539747e-001  4.2638971e-001
 -5.1649723e-001  3.9158232e-001
 -5.0179970e-001  3.5173680e-001
 -5.1118749e-001  3.1880033e-001
 -5.1637760e-001  2.7230633e-001
 -5.0654109e-001  2.2583135e-001
 -5.1481474e-001  1.8823904e-001
 -5.0373440e-001  1.4346543e-001
 -5.0889518e-001  1.0866904e-001
 -5.1488108e-001  7.2440994e-002
 -5.0969016e-001  4.8324855e-002
 -5.0328240e-001  1.3803655e-002
 -5.0174553e-001 -1.3584355e-002
 -4.9708528e-001 -3.7067932e-002
 -5.0922985e-001 -6.4726374e-002
 -5.1730850e-001 -9.0804908e-002
 -4.9737632e-001 -1.0938205e-001
 -4.9725551e-001 -1.1813315e-001
 -5.1814969e-001 -1.3237783e-001
 -5.1355513e-001 -1.5259789e-001
 -5.0353512e-001 -1.5916227e-001
 -5.0290193e-001 -1.7694117e-001
 -5.1888765e-001 -1.8967108e-001
 -5.0537427e-001 -1.9484434e-001
 -5.0693491e-001 -2.0198723e-001
 -5.0805079e-001 -2.1616078e-001
 -5.0278240e-001 -2.2452021e-001
 -5.0403450e-001 -2.2903488e-001
 -5.0089541e-001 -2.3666479e-001
 -5.0579835e-001 -2.4048876e-001
 -5.0043798e-001 -2.3975513e-001
 -5.1294515e-001 -2.4991666e-001
 -5.1545143e-001 -2.5059118e-001
 -4.9701212e-001 -2.5434611e-001
 -4.9978223e-001 -2.5933881e-001
 -5.0851293e-001 -2.6191973e-001
 -5.0774288e-001 -2.6263868e-001
 -5.1788557e-001 -2.6673794e-001
 -5.0965042e-001 -2.6926607e-001
 -4.9556250e-001 -2.6422635e-001
 -5.1225057e-001 -2.6265486e-001
 -5.0920000e-001 -2.6644323e-001
 -4.9645232e-001 -2.7568398e-001
 -5.0335101e-001 -2.6866860e-001
 -4.9999605e-001 -2.7699185e-001
 -5.0570733e-001 -2.7866089e-001
 -5.0363607e-001 -2.7513947e-001
 -4.9958718e-001 -2.8066371e-001
 -5.0385510e-001 -2.8078705e-001
 -4.9803768e-001 -2.8245886e-001
 -5.1333671e-001 -2.7474494e-001
 -5.0956170e-001 -2.7143508e-001
 -4.9569077e-001 -2.7383196e-001
 -5.1823529e-001 -2.7913640e-001
 -4.9800248e-001 -2.7838227e-001
 -5.0743958e-001 -2.7284190e-001
 -5.1789387e-001 -2.7866751e-001
 -5.1364623e-001 -2.7361249e-001
 -5.1598646e-001 -2.7925078e-001
 -5.1218619e-001 -2.7658157e-001
 -5.0872311e-001 -2.7895266e-001
 -5.0073883e-001 -2.7675312e-001
 -4.9656283e-001 -2.7396845e-001
 -5.0927674e-001 -2.8181246e-001
 -5.1641683e-001 -2.7502322e-001
 -5.0368408e-001 -2.7452900e-001
 -4.9933589e-001 -2.8395778e-001
 -4.4512806e-001 -2.7509279e-001
 -4.4458224e-001 -2.8092102e-001
 -4.4128029e-001 -2.8363763e-001
 -4.6109461e-001 -2.8662767e-001
 -4.5232618e-001 -2.7474186e-001
 -4.4993462e-001 -2.7788241e-001
 -4.4515240e-001 -2.7134397e-001
 -4.5375004e-001 -2.7336637e-001
 -4.6201106e-001 -2.7664094e-001
 -4.6193099e-001 -2.7796276e-001
 -4.4715156e-001 -2.7228232e-001
 -4.4089732e-001 -2.7081144e-001
 -4.5567480e-001 -2.6916729e-001
 -4.4169326e-001 -2.7091080e-001
 -4.3925786e-001 -2.6987062e-001
 -4.5943554e-001 -2.7481171e-001
 -4.4969082e-001 -2.7438934e-001
 -4.4268141e-001 -2.6903530e-001
 -4.3950649e-001 -2.6888325e-001
 -4.6031305e-001 -2.7475688e-001
 -4.5898086e-001 -2.6470755e-001
 -4.5634273e-001 -2.7317992e-001
 -4.5358269e-001 -2.6828493e-001
 -4.6152618e-001 -2.7255051e-001
 -4.4016138e-001 -2.6780786e-001
 -4.5961436e-001 -2.7159673e-001
 -4.4129676e-001 -2.6774352e-001
 -4.5635438e-001 -2.6663824e-001
 -4.5033079e-001 -2.7152752e-001
 -4.4434268e-001 -2.6020175e-001
 -4.6168361e-001 -2.6005201e-001
 -4.4316039e-001 -2.6517258e-001
 -4.5070941e-001 -2.6695962e-001
 -4.5469628e-001 -2.6061228e-001
 -4.4041771e-001 -2.7232256e-001
 -4.5128105e-001 -2.6711372e-001
 -4.5758426e-001 -2.6711423e-001
 -4.5695342e-001 -2.6809429e-001
 -4.4057742e-001 -2.5952724e-001
 -4.4497183e-001 -2.6153402e-001
 -4.4639137e-001 -2.6622863e-001
 -4.4351066e-001 -2.6973118e-001
 -4.4640275e-001 -2.6305529e-001
 -4.4656297e-001 -2.7113567e-001
 -4.4984067e-001 -2.6606900e-001
 -4.4237488e-001 -2.6622958e-001
 -4.5505634e-001 -2.6320151e-001
 -4.4044261e-001 -2.5995926e-001
 -4.4993492e-001 -2.6974701e-001
 -4.4003881e-001 -2.7181463e-001
 -4.5951621e-001 -2.6656182e-001
 -4.4431068e-001 -2.7194314e-001
 -4.6197096e-001 -2.6207540e-001
 -4.5596504e-001 -2.6339442e-001
 -4.4157830e-001 -2.7070552e-001
 -4.6217435e-001 -2.5996777e-001
 -4.4030441e-001 -2.6608203e-001
 -4.5900443e-001 -2.5985217e-001
 -4.5109743e-001 -2.6564350e-001
 -4.5612289e-001 -2.6145286e-001
 -4.4148084e-001 -2.6290113e-001
 -4.6249475e-001 -2.6123024e-001
 -4.5513707e-001 -2.6386663e-001
 -4.5196400e-001 -2.6576881e-001
 -4.4481906e-001 -2.6326594e-001
 -4.5866460e-001 -2.6703729e-001
 -4.4256222e-001 -2.5918815e-001
 -4.4116078e-001 -2.6797823e-001
 -4.5999750e-001 -2.7139887e-001
 -3.7445038e-001 -2.6415951e-001
 -3.8102475e-001 -2.7183362e-001
 -3.7392557e-001 -2.6146840e-001
 -3.6254539e-001 -2.6586992e-001
 -3.8289842e-001 -2.5600591e-001
 -3.7389051e-001 -2.6606270e-001
 -3.7887712e-001 -2.6225132e-001
 -3.7055412e-001 -2.5255579e-001
 -3.6547497e-001 -2.6011430e-001
 -3.7730115e-001 -2.5911647e-001
 -3.7727877e-001 -2.5605256e-001
 -3.7174720e-001 -2.5464382e-001
 -3.8063120e-001 -2.5272785e-001
 -3.6856852e-001 -2.4928097e-001
 -3.7724889e-001 -2.4162852e-001
 -3.7653340e-001 -2.4437975e-001
 -3.7165172e-001 -2.3879732e-001
 -3.8023123e-001 -2.4405979e-001
 -3.7827488e-001 -2.3839413e-001
 -3.7581174e-001 -2.4688549e-001
 -3.6202947e-001 -2.3732006e-001
 -3.8143022e-001 -2.3999625e-001
 -3.8330903e-001 -2.4216270e-001
 -3.8286050e-001 -2.3744935e-001
 -3.6429007e-001 -2.4441972e-001
 -3.6470774e-001 -2.4290479e-001
 -3.6755874e-001 -2.4385370e-001
 -3.7550194e-001 -2.3468428e-001
 -3.7327170e-001 -2.3944332e-001
 -3.6721534e-001 -2.3455496e-001
 -3.7632248e-001 -2.3241402e-001
 -3.7525950e-001 -2.3405226e-001
 -3.6286299e-001 -2.3675718e-001
 -3.7902507e-001 -2.3825048e-001
 -3.6767213e-001 -2.3522769e-001
 -3.6409082e-001 -2.3750949e-001
 -3.7889172e-001 -2.3241575e-001
 -3.7077868e-001 -2.4239143e-001
 -3.8432240e-001 -2.4155224e-001
 -3.8516159e-001 -2.3307729e-001
 -3.6794008e-001 -2.3138836e-001
 -3.7259588e-001 -2.3335592e-001
 -3.6796884e-001 -2.4231844e-001
 -3.7943985e-001 -2.3827936e-001
 -3.7908263e-001 -2.3684024e-001
 -3.7623382e-001 -2.4223643e-001
 -3.7394210e-001 -2.3535348e-001
 -3.8490500e-001 -2.4035957e-001
 -3.7075472e-001 -2.3052581e-001
 -3.6973074e-001 -2.3493010e-001
 -3.6893798e-001 -2.3898126e-001
 -3.8109724e-001 -2.3301046e-001
 -3.7422559e-001 -2.4018396e-001
 -3.7147320e-001 -2.3904608e-001
 -3.6863356e-001 -2.3673304e-001
 -3.7901747e-001 -2.3083827e-001
 -3.6404964e-001 -2.3382822e-001
 -3.6476939e-001 -2.4110843e-001
 -3.7046497e-001 -2.3971538e-001
 -3.7836405e-001 -2.3751033e-001
 -3.7463979e-001 -2.3370235e-001
 -3.7150964e-001 -2.3536118e-001
 -3.7041511e-001 -2.3927151e-001
 -3.6448829e-001 -2.3947514e-001
 -3.6734171e-001 -2.2971533e-001
 -3.6199462e-001 -2.4045758e-001
 -3.8231757e-001 -2.3856984e-001
 -3.7850845e-001 -2.3615626e-001
 -3.8454533e-001 -2.4154917e-001
 -1.0434935e-001 -2.3759280e-001
 -1.1939619e-001 -2.3078351e-001
 -9.7671848e-002 -2.3566811e-001
 -1.0153690e-001 -2.2749174e-001
 -1.0234616e-001 -2.2309021e-001
 -1.1199309e-001 -2.0694894e-001
 -1.1122500e-001 -1.9830676e-001
 -1.0948033e-001 -1.8579747e-001
 -1.1743215e-001 -1.8395283e-001
 -1.0307889e-001 -1.7615458e-001
 -1.0875591e-001 -1.7112712e-001
 -1.1194727e-001 -1.5930600e-001
 -1.0033573e-001 -1.5383832e-001
 -9.9211843e-002 -1.4684570e-001
 -1.0089415e-001 -1.3974719e-001
 -1.1429554e-001 -1.3389227e-001
 -1.0073370e-001 -1.3459806e-001
 -1.1367938e-001 -1.3029697e-001
 -1.1103053e-001 -1.1965453e-001
 -1.0129499e-001 -1.1947092e-001
 -1.0724487e-001 -1.1864927e-001
 -9.7272329e-002 -1.0316462e-001
 -1.1774563e-001 -1.0365105e-001
 -9.8329401e-002 -1.0805520e-001
 -1.1652726e-001 -1.0461974e-001
 -1.1574301e-001 -9.5899273e-002
 -9.9883611e-002 -1.0353839e-001
 -1.0457879e-001 -9.9033568e-002
 -1.1044562e-001 -9.8520052e-002
 -9.8369122e-002 -9.1522491e-002
 -1.0000199e-001 -8.7646225e-002
 -1.0289834e-001 -9.3978355e-002
 -1.1742194e-001 -8.4990421e-002
 -9.8164697e-002 -8.8717714e-002
 -9.8488150e-002 -8.9327861e-002
 -1.1472371e-001 -8.7334543e-002
 -1.2003211e-001 -8.9650476e-002
 -1.0928647e-001 -8.7427230e-002
 -9.8982229e-002 -8.1442657e-002
 -1.0544200e-001 -8.4727626e-002
 -1.1572267e-001 -8.5658873e-002
 -1.2027303e-001 -9.1157469e-002
 -9.9705703e-002 -8.4643040e-002
 -1.1445317e-001 -8.2262316e-002
 -1.0588353e-001 -7.7889877e-002
 -9.7606838e-002 -8.0858343e-002
 -1.1741330e-001 -8.8753557e-002
 -9.9153944e-002 -8.8408005e-002
 -1.1527163e-001 -8.3668711e-002
 -9.9761492e-002 -7.8675971e-002
 -1.0344187e-001 -8.8496630e-002
 -9.7980717e-002 -7.7572547e-002
 -1.1563444e-001 -8.8203079e-002
 -1.1560848e-001 -7.9549186e-002
 -1.0220221e-001 -7.7634227e-002
 -1.1266321e-001 -8.3321667e-002
 -1.1421206e-001 -8.0095917e-002
 -1.0376691e-001 -7.6749774e-002
 -1.0334496e-001 -8.3829823e-002
 -1.0769740e-001 -8.3344789e-002
 -1.1107173e-001 -7.9688792e-002
 -1.0655491e-001 -7.8624397e-002
 -1.0333365e-001 -8.5725557e-002
 -1.0233288e-001 -7.9936929e-002
 -1.1915787e-001 -8.4106800e-002
 -9.9734289e-002 -7.7878879e-002
 -1.1418731e-001 -7.6838328e-002
 -1.0241720e-001 -8.7405975e-002
 -1.0272637e-001 -8.7550432e-002
  1.9869672e-001 -8.2267654e-002
  2.1656518e-001 -7.8619732e-002
  2.0391491e-001 -8.1778621e-002
  2.1569052e-001 -6.7390133e-002
  2.1323027e-001 -4.8502263e-002
  2.1532035e-001 -3.3474351e-002
  1.9796229e-001 -1.9887025e-002
  2.1172948e-001 -1.1736996e-002
  2.0747952e-001  3.6987896e-003
  2.1684990e-001  1.5702447e-002
  2.1214752e-001  3.8347966e-002
  2.1940388e-001  4.4945563e-002
  2.0432081e-001  5.7855807e-002
  2.0330906e-001  6.7957686e-002
  2.1154059e-001  8.1786441e-002
  2.0894494e-001  7.9933733e-002
  2.0766518e-001  9.5681794e-002
  2.2048579e-001  9.6243719e-002
  2.0669706e-001  1.0877650e-001
  2.1716515e-001  1.0800384e-001
  2.0297957e-001  1.2239281e-001
  2.1934940e-001  1.2054369e-001
  2.1023864e-001  1.2688616e-001
  2.2066075e-001  1.2736694e-001
  2.0114102e-001  1.3590541e-001
  2.1307746e-001  1.3310984e-001
  2.1188361e-001  1.4388433e-001
  2.1183614e-001  1.4071505e-001
  2.1213617e-001  1.4452005e-001
  2.0678454e-001  1.4766170e-001
  2.0668775e-001  1.5471423e-001
  2.1109336e-001  1.5145435e-001
  2.1227053e-001  1.4844151e-001
  1.9954004e-001  1.5829953e-001
  2.2106600e-001  1.5247240e-001
  2.1399474e-001  1.6267570e-001
  2.0045087e-001  1.5843164e-001
  2.0749964e-001  1.5908286e-001
  2.1422591e-001  1.6090120e-001
  2.0614483e-001  1.6549171e-001
  2.1608088e-001  1.6591262e-001
  2.1953975e-001  1.6470826e-001
  2.1357010e-001  1.5881359e-001
  1.9883316e-001  1.6247324e-001
  2.1256855e-001  1.5899332e-001
  2.0236374e-001  1.5913856e-001
  1.9888540e-001  1.6729275e-001
  2.0326708e-001  1.6373323e-001
  2.1382671e-001  1.6144605e-001
  1.9992141e-001  1.6636102e-001
  1.9802227e-001  1.6784058e-001
  2.0523492e-001  1.7056806e-001
  2.1819104e-001  1.6963080e-001
  1.9751629e-001  1.6838816e-001
  2.1407371e-001  1.6581241e-001
  2.1882412e-001  1.6455638e-001
  2.2077587e-001  1.6127248e-001
  2.0836401e-001  1.7410167e-001
  2.1107322e-001  1.6680869e-001
  2.1957487e-001  1.6462418e-001
  2.1679844e-001  1.6252959e-001
  2.1794782e-001  1.6865271e-001
  2.0522320e-001  1.6261142e-001
  2.1219609e-001  1.6404854e-001
  2.1922427e-001  1.7307760e-001
  2.1822842e-001  1.7391217e-001
  2.1881251e-001  1.6799686e-001
  2.0736046e-001  1.6573258e-001
  2.0573336e-001  1.6926991e-001
  7.8197044e-002  1.7220522e-001
  8.8835665e-002  1.7002277e-001
  8.5828622e-002  1.6566641e-001
  8.7367142e-002  1.5573020e-001
  8.3533155e-002  1.5779387e-001
  8.6751870e-002  1.5120702e-001
  8.6042419e-002  1.4313711e-001
  8.4722812e-002  1.4540304e-001
  9.3973735e-002  1.2789435e-001
  9.3698428e-002  1.3002732e-001
  8.4871147e-002  1.2358312e-001
  8.2652321e-002  1.1674680e-001
  9.6156445e-002  1.1483258e-001
  8.9271795e-002  1.0697649e-001
  8.2820399e-002  1.0232505e-001
  9.4935798e-002  9.5864334e-002
  7.4385935e-002  9.3922905e-002
  8.2219843e-002  9.9680065e-002
  7.9285895e-002  9.7561912e-002
  8.4786261e-002  8.7934584e-002
  9.7079209e-002  8.8735205e-002
  9.0530333e-002  8.5984644e-002
  9.3146912e-002  8.4784766e-002
  9.3017501e-002  8.1631988e-002
  8.0583921e-002  8.5691432e-002
  7.7545135e-002  7.4401675e-002
  8.2538974e-002  7.8288875e-002
  7.7580016e-002  7.5264345e-002
  9.4931760e-002  7.4207249e-002
  7.6292587e-002  8.0380871e-002
  8.8511462e-002  8.1127992e-002
  8.2366889e-002  8.1003206e-002
  7.4563314e-002  7.4176820e-002
  7.5549194e-002  7.1655007e-002
  8.0279493e-002  7.6839828e-002
  9.6138104e-002  7.8003058e-002
  8.8229184e-002  7.5807374e-002
  8.2368974e-002  7.5247004e-002
  9.0090681e-002  7.5175090e-002
  7.4929289e-002  7.4954809e-002
  9.5588735e-002  6.6968656e-002
  8.7827640e-002  6.6715110e-002
  8.0088725e-002  7.5660502e-002
  9.1154406e-002  7.0422213e-002
  9.3184742e-002  6.6040949e-002
  8.8732207e-002  7.2889081e-002
  8.3178646e-002  7.1939849e-002
  9.6188640e-002  6.6586639e-002
  7.6159272e-002  6.7249979e-002
  8.8062886e-002  6.5717522e-002
  8.6241452e-002  6.4429344e-002
  8.3885514e-002  6.3963257e-002
  8.6035629e-002  6.7722618e-002
  9.4360182e-002  6.2863943e-002
  8.5716916e-002  6.2384928e-002
  8.5734111e-002  6.2573184e-002
  9.7605740e-002  7.3185861e-002
  8.4780323e-002  7.1789475e-002
  7.5822789e-002  6.4547277e-002
  8.2188744e-002  6.2136066e-002
  7.6557705e-002  6.9445807e-002
  7.5795466e-002  6.4686298e-002
  7.9199696e-002  7.3052994e-002
  8.0628343e-002  6.9802784e-002
  7.8385110e-002  7.3452077e-002
  8.3101989e-002  6.5909829e-002
  8.7387584e-002  6.4980830e-002
  9.0249263e-002  7.0326668e-002
  9.3411343e-002  6.7244729e-002
 -7.3530096e-001  6.2483571e-002
 -7.3093107e-001  6.4972034e-002
 -7.2573502e-001  5.4370074e-002
 -7.3645763e-001  4.1719683e-002
 -7.2854703e-001  2.1076894e-002
 -7.3759596e-001  8.5830412e-003
 -7.2274149e-001 -2.2382660e-002
 -7.3358237e-001 -4.6361993e-002
 -7.2817652e-001 -5.5620227e-002
 -7.3206220e-001 -8.4623460e-002
 -7.4302833e-001 -9.8451513e-002
 -7.3852990e-001 -1.1793636e-001
 -7.3482103e-001 -1.3586535e-001
 -7.2925462e-001 -1.5820270e-001
 -7.3956159e-001 -1.6837317e-001
 -7.4522941e-001 -1.8246069e-001
 -7.2666440e-001 -1.9766585e-001
 -7.3403251e-001 -2.0571438e-001
 -7.3935202e-001 -2.1513428e-001
 -7.3632521e-001 -2.2516766e-001
 -7.2226972e-001 -2.2728940e-001
 -7.3752419e-001 -2.2987419e-001
 -7.2784261e-001 -2.4817520e-001
 -7.2327131e-001 -2.5233140e-001
 -7.4194166e-001 -2.5372567e-001
 -7.3549835e-001 -2.6426568e-001
 -7.3055258e-001 -2.5848466e-001
 -7.4419705e-001 -2.7001618e-001
 -7.4008217e-001 -2.7684139e-001
 -7.2515203e-001 -2.7647585e-001
 -7.3262634e-001 -2.7831841e-001
 -7.2636154e-001 -2.8371350e-001
 -7.4458764e-001 -2.8395941e-001
 -7.3729322e-001 -2.8839981e-001
 -7.3750623e-001 -2.8242255e-001
 -7.4342881e-001 -2.9452069e-001
 -7.4244958e-001 -2.9318729e-001
 -7.3772016e-001 -2.9234751e-001
 -7.2805950e-001 -2.9218836e-001
 -7.3056077e-001 -2.9628917e-001
 -7.4529584e-001 -2.8891342e-001
 -7.2353780e-001 -2.8972310e-001
 -7.4286935e-001 -3.0190567e-001
 -7.2412705e-001 -3.0116590e-001
 -7.4008667e-001 -2.9918096e-001
 -7.2484381e-001 -3.0187869e-001
 -7.2675359e-001 -2.9675725e-001
 -7.3452344e-001 -3.0135251e-001
 -7.3293818e-001 -2.9711709e-001
 -7.4589648e-001 -2.9426496e-001
 -7.2437810e-001 -2.9731355e-001
 -7.2602719e-001 -2.9770281e-001
 -7.3589748e-001 -3.0682646e-001
 -7.2733020e-001 -3.0403922e-001
 -7.2960191e-001 -2.9698541e-001
 -7.2641805e-001 -3.0333190e-001
 -7.4394358e-001 -3.0117926e-001
 -7.4215608e-001 -3.0622111e-001
 -7.3553832e-001 -2.9842297e-001
 -7.3651411e-001 -3.0032579e-001
 -7.3255789e-001 -3.0198916e-001
 -7.4518813e-001 -3.0364851e-001
 -7.3323566e-001 -3.0435687e-001
 -7.2654790e-001 -3.0867487e-001
 -7.3243073e-001 -2.9671379e-001
 -7.2525361e-001 -3.0533649e-001
 -7.3439364e-001 -3.0549818e-001
 -7.2562361e-001 -3.0773074e-001
 -7.3745061e-001 -3.0064413e-001
 -6.3739514e-001 -2.9825355e-001
 -6.3773871e-001 -3.0057213e-001
 -6.5015388e-001 -3.0727170e-001
 -6.5131957e-001 -2.9759674e-001
 -6.4312415e-001 -2.9946711e-001
 -6.4384283e-001 -3.0543081e-001
 -6.5056685e-001 -3.0978788e-001
 -6.3511653e-001 -2.9815179e-001
 -6.5507726e-001 -3.0896211e-001
 -6.5487487e-001 -2.9775394e-001
 -6.5247582e-001 -3.0890976e-001
 -6.5714783e-001 -3.0986952e-001
 -6.5516838e-001 -2.9849824e-001
 -6.4433027e-001 -3.0391233e-001
 -6.5485685e-001 -3.0252683e-001
 -6.3745144e-001 -3.0018622e-001
 -6.5148045e-001 -3.0371905e-001
 -6.4655156e-001 -3.0453780e-001
 -6.4088470e-001 -2.9718836e-001
 -6.5440475e-001 -3.0824668e-001
 -6.4880672e-001 -3.0811598e-001
 -6.5799926e-001 -3.0631308e-001
 -6.5319364e-001 -3.0972960e-001
 -6.4961950e-001 -2.9933744e-001
 -6.3979829e-001 -3.0159174e-001
 -6.4705688e-001 -2.9842444e-001
 -6.4616504e-001 -3.0404843e-001
 -6.5292831e-001 -2.9760269e-001
 -6.4067106e-001 -3.0570177e-001
 -6.4276182e-001 -2.9900546e-001
 -6.4975686e-001 -3.0712533e-001
 -6.4589204e-001 -2.9774006e-001
 -6.3900579e-001 -3.0839698e-001
 -6.4809040e-001 -2.9907106e-001
 -6.4082645e-001 -2.9837720e-001
 -6.4772771e-001 -3.0289099e-001
 -6.5130063e-001 -2.9821318e-001
 -6.3857124e-001 -3.0810818e-001
 -6.4083649e-001 -3.0897553e-001
 -6.3535056e-001 -2.9784073e-001
 -6.3532353e-001 -3.0562949e-001
 -6.4643546e-001 -3.0137817e-001
 -6.4246864e-001 -2.9740314e-001
 -6.5164939e-001 -2.9778594e-001
 -6.5656264e-001 -3.0376769e-001
 -6.4813530e-001 -2.9739827e-001
 -6.5603418e-001 -3.0075026e-001
 -6.4567017e-001 -3.0399102e-001
 -6.3801109e-001 -3.0160199e-001
 -6.3959121e-001 -3.0297179e-001
 -6.4151282e-001 -3.0709276e-001
 -6.3474098e-001 -3.0474069e-001
 -6.4872953e-001 -3.0233182e-001
 -6.4981955e-001 -2.9956181e-001
 -6.5383635e-001 -3.0237910e-001
 -6.3709651e-001 -3.1007586e-001
 -6.5017844e-001 -3.0211060e-001
 -6.5529550e-001 -2.9859791e-001
 -6.3606621e-001 -3.0012676e-001
 -6.3732163e-001 -3.0888620e-001
 -6.4546073e-001 -3.0727966e-001
 -6.5712146e-001 -3.0594250e-001
 -6.4262105e-001 -3.0175039e-001
 -6.4609439e-001 -2.9882830e-001
 -6.5867081e-001 -3.0238012e-001
 -6.4985277e-001 -3.0139762e-001
 -6.4090236e-001 -3.0359701e-001
 -6.5023157e-001 -3.0016921e-001
 -6.5793472e-001 -3.0567872e-001
 -7.2410813e-001 -3.0114054e-001
 -7.4470600e-001 -3.0649767e-001
 -7.3720832e-001 -3.0101366e-001
 -7.4295838e-001 -2.9736743e-001
 -7.2272922e-001 -2.9766054e-001
 -7.3076511e-001 -2.9887120e-001
 -7.3552468e-001 -2.9867409e-001
 -7.4247534e-001 -3.0604952e-001
 -7.4569244e-001 -2.9761545e-001
 -7.4357980e-001 -2.9895527e-001
 -7.3082962e-001 -2.9719729e-001
 -7.3639039e-001 -2.9990720e-001
 -7.4162712e-001 -3.0990964e-001
 -7.2333420e-001 -3.0299685e-001
 -7.4592635e-001 -3.0784670e-001
 -7.4015410e-001 -3.0948917e-001
 -7.4006895e-001 -3.0611547e-001
 -7.3336034e-001 -2.9928108e-001
 -7.2272078e-001 -3.0137346e-001
 -7.3058673e-001 -3.0274025e-001
 -7.3273355e-001 -3.0906822e-001
 -7.4336621e-001 -3.0193570e-001
 -7.2931741e-001 -2.9882390e-001
 -7.2453237e-001 -3.0486281e-001
 -7.3942668e-001 -3.0581493e-001
 -7.3336039e-001 -3.0998265e-001
 -7.3675273e-001 -2.9841783e-001
 -7.3204718e-001 -3.0778628e-001
 -7.4082559e-001 -2.9840397e-001
 -7.3065919e-001 -3.1003151e-001
 -7.3396164e-001 -2.9909651e-001
 -7.2865231e-001 -2.9973134e-001
 -7.3789477e-001 -3.0893634e-001
 -7.3255754e-001 -3.0124657e-001
 -7.2678795e-001 -2.9972791e-001
 -7.3962142e-001 -3.0490566e-001
 -7.3443132e-001 -3.0849363e-001
 -7.2467572e-001 -3.0868942e-001
 -7.2366218e-001 -2.9730198e-001
 -7.2333234e-001 -3.0212060e-001
 -7.3600273e-001 -3.0647641e-001
 -7.4271195e-001 -3.0455961e-001
 -7.3195747e-001 -3.0630938e-001
 -7.3548874e-001 -3.0582228e-001
 -7.3931992e-001 -3.0711568e-001
 -7.4468593e-001 -3.0170810e-001
 -7.2769352e-001 -3.0677703e-001
 -7.3994893e-001 -3.0947062e-001
 -7.3755605e-001 -2.9850090e-001
 -7.3362300e-001 -3.0116884e-001
 -7.3016969e-001 -3.0371597e-001
 -7.4325403e-001 -3.0576392e-001
 -7.3189438e-001 -3.0153543e-001
 -7.2959868e-001 -3.0514871e-001
 -7.4484020e-001 -3.0103101e-001
 -7.2807823e-001 -2.9953034e-001
 -7.4363139e-001 -3.0366435e-001
 -7.4572460e-001 -3.0568416e-001
 -7.3245514e-001 -3.0828145e-001
 -7.4380869e-001 -3.0129108e-001
 -7.2317592e-001 -3.0475741e-001
 -7.3984222e-001 -3.0344224e-001
 -7.3115426e-001 -3.0704204e-001
 -7.2201355e-001 -3.0416803e-001
 -7.3292316e-001 -2.9867541e-001
 -7.3906074e-001 -3.0666018e-001
 -7.4417396e-001 -3.0513500e-001
 -7.3711451e-001 -2.9959821e-001
 -7.4262064e-001 -2.9737484e-001
 -5.9034541e-002 -3.0288472e-001
 -3.9581592e-002 -3.0306176e-001
 -5.1408499e-002 -3.0283425e-001
 -4.5278546e-002 -2.8635031e-001
 -5.5376673e-002 -2.6734640e-001
 -4.2256671e-002 -2.5366918e-001
 -4.0966482e-002 -2.3736801e-001
 -4.1641697e-002 -2.2165108e-001
 -4.7572900e-002 -2.1199416e-001
 -6.0295331e-002 -2.0126503e-001
 -6.1979263e-002 -1.7766975e-001
 -5.6329827e-002 -1.6867497e-001
 -4.2307499e-002 -1.5390898e-001
 -4.1668019e-002 -1.4748703e-001
 -5.6534321e-002 -1.3647395e-001
 -4.9841058e-002 -1.2238939e-001
 -4.4354187e-002 -1.2500167e-001
 -6.0213494e-002 -1.1611759e-001
 -5.1121731e-002 -9.8225614e-002
 -4.4568877e-002 -9.3329421e-002
 -5.5042863e-002 -9.3888869e-002
 -5.6261508e-002 -8.1229798e-002
 -5.5108588e-002 -7.8304934e-002
 -6.1245280e-002 -7.4605414e-002
 -5.4704347e-002 -6.9803899e-002
 -5.6793453e-002 -6.6897626e-002
 -3.8332981e-002 -6.7248865e-002
 -5.8930052e-002 -6.1927417e-002
 -4.3021525e-002 -5.7418844e-002
 -4.5758057e-002 -6.0789354e-002
 -5.4462970e-002 -5.3420275e-002
 -4.0091341e-002 -5.0051589e-002
 -5.2177327e-002 -5.6171505e-002
 -3.9710041e-002 -5.4100231e-002
 -6.0322432e-002 -5.3082301e-002
 -5.2748510e-002 -5.1560196e-002
 -5.0302292e-002 -5.3815863e-002
 -5.1220280e-002 -4.7808702e-002
 -5.0356644e-002 -4.5320902e-002
 -4.7608778e-002 -4.9037644e-002
 -4.2816638e-002 -3.9446515e-002
 -6.1052666e-002 -4.8042619e-002
 -5.6986702e-002 -4.4302844e-002
 -5.0242940e-002 -3.7433224e-002
 -5.3966488e-002 -3.9823089e-002
 -4.8648746e-002 -3.9408926e-002
 -5.8460575e-002 -4.0032153e-002
 -5.3659736e-002 -3.7145846e-002
 -5.0866633e-002 -4.2662456e-002
 -5.3528825e-002 -3.5389753e-002
 -5.1505528e-002 -3.4284304e-002
 -4.6012387e-002 -4.5142360e-002
 -5.9380253e-002 -3.9723906e-002
 -6.0504815e-002 -3.9490912e-002
 -4.5421711e-002 -3.8739746e-002
 -4.0671153e-002 -3.3720428e-002
 -4.6870381e-002 -4.3078682e-002
 -5.3183820e-002 -4.3455760e-002
 -5.0456858e-002 -4.1521519e-002
 -4.9294693e-002 -4.5513568e-002
 -4.9046329e-002 -4.2780845e-002
 -3.9709857e-002 -4.0393770e-002
 -6.0982926e-002 -4.5527683e-002
 -4.3861382e-002 -3.3253809e-002
 -5.0435471e-002 -3.6451968e-002
 -5.4346338e-002 -3.7394474e-002
 -5.3379178e-002 -4.3095933e-002
 -4.4733301e-002 -3.7945110e-002
 -3.8230358e-002 -3.6309459e-002
  6.2478869e-001 -3.6225880e-002
  6.1843648e-001 -4.3122542e-002
  6.1581842e-001 -2.1723902e-002
  6.0576839e-001 -7.8066917e-003
  6.2263767e-001  1.1013196e-002
  6.1479966e-001  4.1171055e-002
  6.1305912e-001  6.8534772e-002
  6.1999126e-001  9.2657320e-002
  6.1699598e-001  1.2568946e-001
  6.2132518e-001  1.4886779e-001
  6.2554403e-001  1.7222938e-001
  6.1603556e-001  1.9923290e-001
  6.2359082e-001  2.1886559e-001
  6.2566364e-001  2.3750553e-001
  6.1464039e-001  2.4911322e-001
  6.1183723e-001  2.6869581e-001
  6.1452299e-001  2.8236486e-001
  6.0851303e-001  2.9561155e-001
  6.1551476e-001  3.1713401e-001
  6.2459093e-001  3.1972388e-001
  6.1383721e-001  3.2705467e-001
  6.1063774e-001  3.3757797e-001
  6.1003509e-001  3.5178106e-001
  6.0763582e-001  3.6342749e-001
  6.1367541e-001  3.6988524e-001
  6.1678000e-001  3.6524627e-001
  6.0998871e-001  3.8170294e-001
  6.1173455e-001  3.7784396e-001
  6.1295411e-001  3.8777577e-001
  6.0477399e-001  3.9264680e-001
  6.1152824e-001  3.9755002e-001
  6.0527449e-001  3.9853175e-001
  6.2646183e-001  4.0409580e-001
  6.0510203e-001  3.9805546e-001
  6.1518556e-001  3.9983260e-001
  6.0876037e-001  4.1251842e-001
  6.0533937e-001  4.1008831e-001
  6.1588200e-001  4.0847154e-001
  6.1532707e-001  4.0925980e-001
  6.1436438e-001  4.1924365e-001
  6.2718617e-001  4.1656788e-001
  6.2199099e-001  4.1114666e-001
  6.1940051e-001  4.1303612e-001
  6.1221463e-001  4.1725035e-001
  6.1748334e-001  4.2054137e-001
  6.1526724e-001  4.1818982e-001
  6.0720483e-001  4.1630487e-001
  6.1435555e-001  4.2455868e-001
  6.2094130e-001  4.2600683e-001
  6.0370185e-001  4.2288823e-001
  6.2336414e-001  4.2602123e-001
  6.0881173e-001  4.2524401e-001
  6.2566729e-001  4.2224836e-001
  6.0560561e-001  4.2215151e-001
  6.1272246e-001  4.2873319e-001
  6.1314924e-001  4.2764692e-001
  6.0627862e-001  4.2027484e-001
  6.2129676e-001  4.2750395e-001
  6.0702280e-001  4.2585070e-001
  6.0848624e-001  4.2155837e-001
  6.2279499e-001  4.1967177e-001
  6.2253115e-001  4.2886586e-001
  6.0981927e-001  4.2291672e-001
  6.2477476e-001  4.3100978e-001
  6.1050940e-001  4.1916110e-001
  6.1845885e-001  4.2760234e-001
  6.2606745e-001  4.2066608e-001
  6.1967997e-001  4.2906639e-001
  6.1476629e-001  4.2043450e-001
 -4.4374972e-001  4.2915912e-001
 -4.4919703e-001  4.1882688e-001
 -4.4626522e-001  4.0254128e-001
 -4.4010685e-001  3.7365877e-001
 -4.4880541e-001  3.4840942e-001
 -4.5596848e-001  3.0596747e-001
 -4.4930885e-001  2.6110674e-001
 -4.5703383e-001  2.2839440e-001
 -4.4718127e-001  1.8174940e-001
 -4.5653342e-001  1.4675825e-001
 -4.4065995e-001  1.0763849e-001
 -4.5469544e-001  8.1556847e-002
 -4.4414285e-001  4.1247517e-002
 -4.3721476e-001  2.3079235e-002
 -4.4703911e-001 -3.4772839e-003
 -4.3610794e-001 -3.0114415e-002
 -4.5178801e-001 -5.0614293e-002
 -4.5604927e-001 -7.6704445e-002
 -4.5636124e-001 -9.0651780e-002
 -4.4225802e-001 -1.0503928e-001
 -4.4279663e-001 -1.3148384e-001
 -4.3907520e-001 -1.3959145e-001
 -4.4294354e-001 -1.4807672e-001
 -4.4475492e-001 -1.6145146e-001
 -4.3486504e-001 -1.7201091e-001
 -4.5121256e-001 -1.7821065e-001
 -4.3621052e-001 -1.8367729e-001
 -4.4243259e-001 -1.9241891e-001
 -4.3759833e-001 -2.0155493e-001
 -4.4838677e-001 -2.0886818e-001
 -4.4987922e-001 -2.1152636e-001
 -4.3784933e-001 -2.2599717e-001
 -4.4261852e-001 -2.1820396e-001
 -4.5368144e-001 -2.2925246e-001
 -4.5594604e-001 -2.2522540e-001
 -4.4434966e-001 -2.3470928e-001
 -4.5256720e-001 -2.3706238e-001
 -4.4933597e-001 -2.4119894e-001
 -4.3965415e-001 -2.3890621e-001
 -4.3500565e-001 -2.4231462e-001
 -4.3835867e-001 -2.4378013e-001
 -4.3599137e-001 -2.5284226e-001
 -4.5648875e-001 -2.4421268e-001
 -4.5311026e-001 -2.4781038e-001
 -4.3767960e-001 -2.5735706e-001
 -4.5235476e-001 -2.5149736e-001
 -4.3465428e-001 -2.5640497e-001
 -4.5021251e-001 -2.5438777e-001
 -4.5365208e-001 -2.5349016e-001
 -4.5313050e-001 -2.5161516e-001
 -4.5314493e-001 -2.5970593e-001
 -4.5362585e-001 -2.6018266e-001
 -4.5525408e-001 -2.5984497e-001
 -4.3633519e-001 -2.6236904e-001
 -4.3976781e-001 -2.5938717e-001
 -4.3863713e-001 -2.6212061e-001
 -4.5311969e-001 -2.5842064e-001
 -4.3393868e-001 -2.6082274e-001
 -4.4879451e-001 -2.6001445e-001
 -4.3635196e-001 -2.6356036e-001
 -4.4728065e-001 -2.5884385e-001
 -4.3526659e-001 -2.5701856e-001
 -4.3713193e-001 -2.5737051e-001
 -4.3833805e-001 -2.5815018e-001
 -4.5695070e-001 -2.6136884e-001
 -4.4765171e-001 -2.5589651e-001
 -4.5658961e-001 -2.5765611e-001
 -4.5527539e-001 -2.6605192e-001
 -4.5548679e-001 -2.6613155e-001
  2.5471066e-001 -2.6589943e-001
  2.3601309e-001 -2.6194255e-001
  2.3635407e-001 -2.4570476e-001
  2.5398169e-001 -2.3344220e-001
  2.5101720e-001 -2.1026250e-001
  2.5312372e-001 -1.7942702e-001
  2.3424282e-001 -1.5157886e-001
  2.5265230e-001 -1.2464801e-001
  2.3903260e-001 -1.0745196e-001
  2.3930529e-001 -7.2030517e-002
  2.5520176e-001 -5.0263449e-002
  2.5108836e-001 -3.1838922e-002
  2.5379684e-001 -2.8329707e-003
  2.5535166e-001  5.8122759e-003
  2.4744263e-001  3.0024236e-002
  2.5120679e-001  4.4311192e-002
  2.5061237e-001  6.0842082e-002
  2.4916389e-001  6.7855418e-002
  2.5257625e-001  8.6556512e-002
  2.4787692e-001  9.5353434e-002
  2.3744240e-001  1.0782236e-001
  2.5191738e-001  1.1714753e-001
  2.4965265e-001  1.2525790e-001
  2.3960582e-001  1.3098100e-001
  2.3740424e-001  1.3397321e-001
  2.4014894e-001  1.4809692e-001
  2.4282295e-001  1.5174109e-001
  2.5167531e-001  1.5792951e-001
  2.3842974e-001  1.5607920e-001
  2.5693956e-001  1.6775015e-001
  2.3706824e-001  1.5992850e-001
  2.3771342e-001  1.7349998e-001
  2.3923275e-001  1.7202198e-001
  2.5371197e-001  1.6900399e-001
  2.5554131e-001  1.7153474e-001
  2.3437203e-001  1.7820117e-001
  2.4032993e-001  1.7655870e-001
  2.4179335e-001  1.8852452e-001
  2.3447366e-001  1.8835391e-001
  2.4564333e-001  1.8111533e-001
  2.4328226e-001  1.8440193e-001
  2.5271250e-001  1.8410839e-001
  2.5414945e-001  1.9363911e-001
  2.4075813e-001  1.8690301e-001
  2.5166990e-001  1.9047215e-001
  2.5680550e-001  1.8779467e-001
  2.3673219e-001  1.9192265e-001
  2.5476864e-001  1.8837225e-001
  2.4229325e-001  1.9009571e-001
  2.4883260e-001  1.9556454e-001
  2.4194287e-001  1.9168941e-001
  2.5579469e-001  1.9403709e-001
  2.4198496e-001  1.9762664e-001
  2.4447270e-001  2.0023671e-001
  2.5107340e-001  1.9053031e-001
  2.4391918e-001  1.9780017e-001
  2.4945184e-001  1.9074468e-001
  2.4431699e-001  1.9568459e-001
  2.4713809e-001  1.9833133e-001
  2.4789841e-001  1.9752024e-001
  2.4161702e-001  1.9417264e-001
  2.3372935e-001  1.9301815e-001
  2.4539161e-001  1.9505411e-001
  2.3886594e-001  1.9225155e-001
  2.3986569e-001  1.9440802e-001
  2.5551531e-001  1.9419698e-001
  2.5391649e-001  2.0269329e-001
  2.5629395e-001  1.9670632e-001
  2.5621614e-001  1.9593019e-001
 -8.9545797e-002  2.0048219e-001
 -9.3423623e-002  2.0135215e-001
 -9.5316947e-002  1.8916526e-001
 -9.5662152e-002  1.8263642e-001
 -9.6795830e-002  1.6347366e-001
 -9.9607403e-002  1.4896077e-001
 -9.0745715e-002  1.3035222e-001
 -8.6736215e-002  1.2202085e-001
 -8.3731523e-002  1.0725346e-001
 -8.7224482e-002  9.4619074e-002
 -8.2248637e-002  7.7774857e-002
 -9.3947388e-002  5.6910017e-002
 -8.7581625e-002  5.0625064e-002
 -9.3535387e-002  4.1006161e-002
 -1.0408514e-001  3.1155163e-002
 -8.3245056e-002  2.1282550e-002
 -9.8663097e-002  6.8204312e-003
 -8.9328074e-002  1.5040522e-004
 -1.0109587e-001  4.6578361e-005
 -8.8775936e-002 -1.0045758e-002
 -8.9644640e-002 -1.1891988e-002
 -9.9583284e-002 -1.7112329e-002
 -8.6795462e-002 -2.9936804e-002
 -8.7571911e-002 -3.1544332e-002
 -1.0433395e-001 -3.9344766e-002
 -1.0460485e-001 -3.4859525e-002
 -8.4503107e-002 -3.9575263e-002
 -9.3967260e-002 -4.8813819e-002
 -9.1136006e-002 -4.3969152e-002
 -9.6860157e-002 -5.0206150e-002
 -9.4920426e-002 -4.8515659e-002
 -8.1343679e-002 -4.6937355e-002
 -1.0279531e-001 -5.5624994e-002
 -8.6133988e-002 -5.6701393e-002
 -8.6941009e-002 -5.7326501e-002
 -1.0359373e-001 -5.2520680e-002
 -8.1946378e-002 -5.8378941e-002
 -8.5458561e-002 -6.5836291e-002
 -8.7947451e-002 -6.4779568e-002
 -9.4892943e-002 -6.3057587e-002
 -9.4065306e-002 -6.7736707e-002
 -1.0455951e-001 -6.9764495e-002
 -8.4044120e-002 -6.7676869e-002
 -1.0022156e-001 -6.9818105e-002
 -9.8683066e-002 -6.2162766e-002
 -8.3508860e-002 -6.2417969e-002
 -9.7158643e-002 -6.1131419e-002
 -9.6655138e-002 -6.3866929e-002
 -8.9379301e-002 -6.5192729e-002
 -1.0263696e-001 -6.8456553e-002
 -8.5332284e-002 -7.1481605e-002
 -1.0069667e-001 -6.5001181e-002
 -8.2602786e-002 -6.5303315e-002
 -8.3576248e-002 -6.3064348e-002
 -9.3930181e-002 -7.3007153e-002
 -8.2204311e-002 -6.9021219e-002
 -9.0067454e-002 -7.3184969e-002
 -9.2712794e-002 -6.3079394e-002
 -8.4890789e-002 -7.1499669e-002
 -8.2265004e-002 -7.3897006e-002
 -8.7184488e-002 -6.7050232e-002
 -8.1990200e-002 -6.5833480e-002
 -1.0179492e-001 -6.3267360e-002
 -9.7074600e-002 -6.3042532e-002
 -8.4863125e-002 -6.6953484e-002
 -8.3984480e-002 -6.4892922e-002
 -8.8706829e-002 -7.3969426e-002
 -1.0235220e-001 -6.3322850e-002
 -8.4806645e-002 -7.3001530e-002
 -4.5539560e-001 -7.0063831e-002
 -4.7187379e-001 -6.6445086e-002
 -4.6045790e-001 -8.0486478e-002
 -4.6995721e-001 -8.6363228e-002
 -4.7156329e-001 -9.6734111e-002
 -4.6497723e-001 -1.0527514e-001
 -4.7043798e-001 -1.1091986e-001
 -4.7753875e-001 -1.3400035e-001
 -4.7155896e-001 -1.4188553e-001
 -4.5762753e-001 -1.4633390e-001
 -4.6477083e-001 -1.6696210e-001
 -4.5658955e-001 -1.7491835e-001
 -4.7363431e-001 -1.8616414e-001
 -4.5923401e-001 -1.8950218e-001
 -4.7253289e-001 -1.9019799e-001
 -4.6083268e-001 -2.0979617e-001
 -4.7633404e-001 -2.0964033e-001
 -4.6550548e-001 -2.1953522e-001
 -4.6648538e-001 -2.2552601e-001
 -4.6550873e-001 -2.2611127e-001
 -4.6196536e-001 -2.3502670e-001
 -4.6427142e-001 -2.3372651e-001
 -4.6593685e-001 -2.3647602e-001
 -4.7271937e-001 -2.4002898e-001
 -4.6961896e-001 -2.4957045e-001
 -4.7368842e-001 -2.4653117e-001
 -4.7052712e-001 -2.4804087e-001
 -4.7799723e-001 -2.4809862e-001
 -4.7646378e-001 -2.4936093e-001
 -4.7406589e-001 -2.5242444e-001
 -4.7592548e-001 -2.5185696e-001
 -4.7395871e-001 -2.5709971e-001
 -4.5566258e-001 -2.6551848e-001
 -4.5934974e-001 -2.5682827e-001
 -4.7359364e-001 -2.5851563e-001
 -4.6277919e-001 -2.6742593e-001
 -4.5765231e-001 -2.6435507e-001
 -4.6216324e-001 -2.6863775e-001
 -4.7264756e-001 -2.5988659e-001
 -4.5724953e-001 -2.6508863e-001
 -4.6487073e-001 -2.6574264e-001
 -4.7727349e-001 -2.6567935e-001
 -4.6743085e-001 -2.7263851e-001
 -4.5619423e-001 -2.7115077e-001
 -4.5815561e-001 -2.7008388e-001
 -4.5594132e-001 -2.6669257e-001
 -4.6918010e-001 -2.6633483e-001
 -4.5883870e-001 -2.7156052e-001
 -4.6847915e-001 -2.7150182e-001
 -4.7885871e-001 -2.7171103e-001
 -4.7144690e-001 -2.6250766e-001
 -4.7432183e-001 -2.7485659e-001
 -4.5870443e-001 -2.7105454e-001
 -4.6877609e-001 -2.7043174e-001
 -4.6597778e-001 -2.7377706e-001
 -4.6704617e-001 -2.7038426e-001
 -4.6329427e-001 -2.6458819e-001
 -4.7318225e-001 -2.7245851e-001
 -4.6578569e-001 -2.6791026e-001
 -4.6271015e-001 -2.7007464e-001
 -4.6473724e-001 -2.6522680e-001
 -4.5713721e-001 -2.7293396e-001
 -4.7680068e-001 -2.7217588e-001
 -4.7551703e-001 -2.7125896e-001
 -4.6629191e-001 -2.7211898e-001
 -4.7537613e-001 -2.6546063e-001
 -4.7031890e-001 -2.7677412e-001
 -4.7808481e-001 -2.7040590e-001
 -4.5807881e-001 -2.7067909e-001
 -2.5549229e-001 -2.7293479e-001
 -2.7206244e-001 -2.6647253e-001
 -2.5431406e-001 -2.6969964e-001
 -2.5993340e-001 -2.6001654e-001
 -2.5696212e-001 -2.6462308e-001
 -2.5845460e-001 -2.5040777e-001
 -2.7094166e-001 -2.4421234e-001
 -2.5685332e-001 -2.4254411e-001
 -2.6178101e-001 -2.3817325e-001
 -2.6314897e-001 -2.2720131e-001
 -2.7129722e-001 -2.3468770e-001
 -2.6184191e-001 -2.2718245e-001
 -2.6914130e-001 -2.2490430e-001
 -2.6689795e-001 -2.1776116e-001
 -2.6580456e-001 -2.1410647e-001
 -2.7106625e-001 -2.0594406e-001
 -2.7053277e-001 -2.1217254e-001
 -2.7098455e-001 -1.9941938e-001
 -2.5703746e-001 -1.9513445e-001
 -2.6952809e-001 -2.0111788e-001
 -2.7191172e-001 -2.0018190e-001
 -2.4936123e-001 -1.9867127e-001
 -2.7208581e-001 -1.9040428e-001
 -2.6753668e-001 -1.8872882e-001
 -2.7107028e-001 -1.8715914e-001
 -2.5311562e-001 -1.9058769e-001
 -2.6253634e-001 -1.8729561e-001
 -2.7010119e-001 -1.8368279e-001
 -2.7213491e-001 -1.9076974e-001
 -2.6738793e-001 -1.8527652e-001
 -2.6182179e-001 -1.8871237e-001
 -2.5747867e-001 -1.8645639e-001
 -2.5548227e-001 -1.7975198e-001
 -2.5721870e-001 -1.8936940e-001
 -2.6159011e-001 -1.8686822e-001
 -2.5900844e-001 -1.8088173e-001
 -2.5856158e-001 -1.8096316e-001
 -2.6870548e-001 -1.8355110e-001
 -2.6728483e-001 -1.7703507e-001
 -2.5617873e-001 -1.8459237e-001
 -2.6262654e-001 -1.7602737e-001
 -2.6154115e-001 -1.7828600e-001
 -2.5166685e-001 -1.7825526e-001
 -2.5213380e-001 -1.7405121e-001
 -2.6078110e-001 -1.8608110e-001
 -2.6641156e-001 -1.7916232e-001
 -2.7027138e-001 -1.8475187e-001
 -2.6271487e-001 -1.8345658e-001
 -2.4897344e-001 -1.8244106e-001
 -2.4983170e-001 -1.7535311e-001
 -2.6898845e-001 -1.8541710e-001
 -2.6654309e-001 -1.7888037e-001
 -2.6634233e-001 -1.8333691e-001
 -2.5870209e-001 -1.7396075e-001
 -2.5808710e-001 -1.7512181e-001
 -2.6455991e-001 -1.7279773e-001
 -2.6925081e-001 -1.8150450e-001
 -2.6667883e-001 -1.7890399e-001
 -2.5197293e-001 -1.8526642e-001
 -2.6541946e-001 -1.7716605e-001
 -2.6862432e-001 -1.8496063e-001
 -2.5834886e-001 -1.8418613e-001
 -2.7045700e-001 -1.8490206e-001
 -2.4884297e-001 -1.7901079e-001
 -2.6302763e-001 -1.7529832e-001
 -2.5580715e-001 -1.8014696e-001
 -2.5022577e-001 -1.7472432e-001
 -2.5091389e-001 -1.7305952e-001
 -2.5617409e-001 -1.8488378e-001
 -7.9613204e-001 -1.8419543e-001
 -8.0696807e-001 -1.8049160e-001
 -8.0158743e-001 -1.8656355e-001
 -8.0069445e-001 -1.8200456e-001
 -7.8791302e-001 -1.9644763e-001
 -7.9034065e-001 -1.9443072e-001
 -8.0747842e-001 -2.0182502e-001
 -8.0100375e-001 -2.1042917e-001
 -8.0473510e-001 -2.2059796e-001
 -8.1021902e-001 -2.2960365e-001
 -7.8819167e-001 -2.3814493e-001
 -8.0804785e-001 -2.4332676e-001
 -8.0100921e-001 -2.4020534e-001
 -7.8692240e-001 -2.4349681e-001
 -7.9796437e-001 -2.4839907e-001
 -7.9344155e-001 -2.5854690e-001
 -8.0470658e-001 -2.5588029e-001
 -7.9630599e-001 -2.6477156e-001
 -7.9312958e-001 -2.6999140e-001
 -8.0932662e-001 -2.7513052e-001
 -8.1080356e-001 -2.7244058e-001
 -8.0110511e-001 -2.7817107e-001
 -8.0064602e-001 -2.7902374e-001
 -7.9923945e-001 -2.8493717e-001
 -8.0469641e-001 -2.8433474e-001
 -7.9673774e-001 -2.7901783e-001
 -8.0460940e-001 -2.7899719e-001
 -7.9354688e-001 -2.8242737e-001
 -8.0018892e-001 -2.8762814e-001
 -8.0182450e-001 -2.9363376e-001
 -8.0107982e-001 -2.9429256e-001
 -8.0685926e-001 -2.9279822e-001
 -7.9880370e-001 -2.8881383e-001
 -7.9367109e-001 -2.9104093e-001
 -8.0577016e-001 -2.8809417e-001
 -8.0927462e-001 -2.8955316e-001
 -8.0923884e-001 -2.9111197e-001
 -8.0862938e-001 -2.8796061e-001
 -7.9276853e-001 -2.8763858e-001
 -7.9164410e-001 -2.9347467e-001
 -7.9616811e-001 -2.9006211e-001
 -8.0895090e-001 -2.9331064e-001
 -8.0700228e-001 -2.9952727e-001
 -7.9880450e-001 -2.8858852e-001
 -7.9675686e-001 -2.9017608e-001
 -7.9087959e-001 -2.9192622e-001
 -7.9799193e-001 -2.9456660e-001
 -7.9894578e-001 -3.0125046e-001
 -8.1058291e-001 -2.9295231e-001
 -7.9846202e-001 -2.9301965e-001
 -8.0455232e-001 -2.9602759e-001
 -8.0684089e-001 -2.9128852e-001
 -8.0161277e-001 -2.9043051e-001
 -8.0928445e-001 -2.9073781e-001
 -7.9451348e-001 -2.9356540e-001
 -7.9726445e-001 -2.9745346e-001
 -8.0280544e-001 -2.9057582e-001
  5.1006461e-001 -2.9999722e-001
