  4.7119299e-001  3.7267079e-001
  6.3910275e-001  4.3660424e-001
  3.6203602e-001  2.6478366e-001
 -3.3988242e-001 -2.0086142e-001
 -9.3061558e-001 -2.5218954e-001
 -7.5962206e-001 -3.0587960e-001
 -4.3257302e-001 -2.4259785e-001
  6.7647195e-001  4.4848520e-001
  8.0270533e-001  4.2777520e-001
 -1.0010555e-001 -8.9784193e-002
  9.7707269e-001  3.5845638e-001
 -9.3242242e-001 -2.7210438e-001
  7.1890084e-001  4.3789490e-001
  5.7113683e-002  4.0843897e-002
  9.5091723e-001  3.7686647e-001
  7.5444302e-001  4.3078607e-001
 -6.7732984e-001 -2.9665012e-001
 -2.9324946e-001 -1.9065979e-001
 -8.8398637e-001 -2.6456575e-001
 -1.1176793e-001 -8.8857927e-002
 -1.1781282e-001 -1.0486012e-001
 -3.4659893e-001 -2.0776618e-001
  8.2879663e-001  4.4167917e-001
 -1.0887366e-002 -5.1626005e-003
  4.2047481e-001  3.3759083e-001
  3.2928271e-001  2.7382166e-001
  6.6356283e-001  4.4081452e-001
 -4.8392931e-001 -2.6232335e-001
  5.3848288e-001  4.0221711e-001
 -1.7886538e-001 -1.2763549e-001
 -8.8868651e-001 -2.6927060e-001
  7.4129816e-001  4.6605089e-001
  9.4460063e-001  3.7590564e-001
 -7.6604761e-001 -2.8674057e-001
  1.6626018e-002 -6.5320259e-004
  5.1113225e-001  3.9203037e-001
 -7.8002669e-001 -3.1138517e-001
 -9.3227293e-001 -2.6820109e-001
 -1.1780465e-001 -7.4979561e-002
 -7.4043287e-001 -3.0750735e-001
  9.4320490e-001  3.5135261e-001
  8.8030652e-001  3.9827213e-001
  8.6623929e-001  3.9803014e-001
  9.6751654e-001  3.5735458e-001
  3.8607161e-001  2.9277005e-001
  4.0495097e-001  3.1311188e-001
 -2.5737563e-001 -1.9164711e-001
 -8.7178812e-001 -2.6491379e-001
 -1.1309649e-001 -9.1450267e-002
  8.5974705e-002  5.5531029e-002
  8.0324148e-002  7.6930880e-002
  5.7256807e-001  3.8901123e-001
  2.0281880e-001  1.4331152e-001
  8.9402711e-001  4.0541931e-001
  2.6243691e-001  2.3031236e-001
  7.5767497e-001  4.4986971e-001
 -7.5462740e-001 -2.9747810e-001
  6.2709645e-001  4.3561340e-001
  9.5520871e-001  3.8032851e-001
 -5.3751364e-001 -3.0131789e-001
  8.2547259e-001  4.5023848e-001
  3.5273552e-001  2.6010296e-001
  4.5013197e-001  3.5964772e-001
  3.7157915e-001  2.7293794e-001
  5.9343782e-001  4.1436423e-001
  5.9253967e-002  5.1119584e-002
  5.0927823e-001  3.6664518e-001
  7.1083826e-003  1.8584499e-002
  8.1408068e-001  4.2372270e-001
 -7.5277953e-001 -3.1642449e-001
  7.0445044e-001  4.4953567e-001
 -6.4990853e-001 -2.8457733e-001
  5.2833196e-001  3.9687899e-001
 -8.1335268e-002 -7.4137997e-002
  2.1212736e-001  1.8927920e-001
 -2.7192094e-001 -1.9066424e-001
 -1.9610986e-001 -1.6072101e-001
  4.6014930e-001  3.4005467e-001
  9.1025661e-001  4.1235024e-001
  7.5759761e-001  4.6161279e-001
  2.1946359e-001  1.8062054e-001
  9.3553152e-001  3.7984247e-001
  2.6827630e-001  1.9388652e-001
  5.5452904e-001  3.8574410e-001
  7.9700768e-001  4.2772398e-001
 -5.4686882e-001 -2.7651513e-001
 -7.9746673e-001 -3.0165179e-001
  6.5651826e-001  4.2888345e-001
 -1.5106003e-001 -1.2121259e-001
  4.5419231e-001  3.3946784e-001
  8.7349615e-001  4.1161649e-001
 -4.0693515e-001 -2.6299141e-001
 -3.7559968e-001 -2.3362723e-001
  9.9392685e-002  8.6324059e-002
  1.0516326e-001  9.2241091e-002
  2.8080092e-001  2.1919920e-001
  1.9329825e-001  1.7594839e-001
 -6.7765072e-001 -3.1621524e-001
 -1.6418311e-001 -1.0860186e-001
 -2.6188919e-001 -1.8460277e-001
 -8.3947074e-001 -2.7401858e-001
 -5.2738425e-001 -2.9237016e-001
  9.8867957e-001  3.4059453e-001
  8.1860772e-001  4.2845740e-001
  5.8157375e-001  4.3016529e-001
 -7.2970749e-001 -2.9278582e-001
  1.0067838e-001  7.7545733e-002
 -8.9232330e-001 -2.8083306e-001
  3.5310699e-001  2.7463427e-001
  6.4456118e-001  4.3155526e-001
  8.2280420e-001  4.2881279e-001
 -7.0558990e-001 -3.2360594e-001
 -3.9027588e-001 -2.4540467e-001
  5.5974357e-001  4.0916183e-001
 -2.5543159e-002 -2.8348324e-002
  9.8348335e-002  7.4431058e-002
  7.5643320e-001  4.2789554e-001
  9.7658185e-001  3.4200515e-001
 -9.6169542e-001 -2.6364704e-001
 -2.9735245e-001 -2.2041589e-001
  6.9293638e-002  7.1944743e-002
  4.9563553e-001  3.5985968e-001
  9.4002635e-001  3.8188257e-001
  3.9028618e-001  2.9140867e-001
 -4.5346305e-001 -2.4531450e-001
  9.0227591e-001  3.9945221e-001
  8.1534143e-001  4.5333693e-001
 -8.5150977e-002 -5.4413802e-002
  4.6634207e-001  3.5564878e-001
  1.1648014e-001  9.8001167e-002
  9.8778876e-001  3.2570394e-001
 -2.2139933e-001 -1.5482811e-001
  7.6336635e-001  4.5801281e-001
  7.8653913e-001  4.3217896e-001
 -2.2800033e-001 -1.6910025e-001
  4.5510154e-001  3.4229681e-001
  8.2529936e-001  4.4989670e-001
  8.0825415e-001  4.1997062e-001
 -8.3709531e-001 -3.0258136e-001
 -9.3331688e-001 -2.7286566e-001
  1.4481889e-001  1.0985255e-001
 -9.8141957e-001 -2.3726696e-001
 -6.0334322e-001 -2.8293101e-001
 -9.5863972e-001 -2.7531496e-001
  5.8454252e-001  3.9618880e-001
 -6.1834117e-001 -3.2293332e-001
  9.0416527e-001  3.8470908e-001
  5.4045256e-001  3.7481777e-001
  6.3314707e-001  4.2964379e-001
 -1.4789979e-001 -1.1988125e-001
 -3.9956368e-001 -2.2806936e-001
  3.6058095e-001  2.9513220e-001
  7.1703134e-001  4.4498519e-001
  7.4358588e-001  4.2741721e-001
  7.9412497e-001  4.4215140e-001
  6.8717352e-001  4.4979115e-001
 -2.9697550e-002 -1.8200127e-002
 -2.2918980e-002 -2.1284508e-002
 -8.6933209e-001 -2.9956105e-001
 -8.6037926e-002 -5.1094452e-002
  1.9111061e-001  1.4304448e-001
 -7.7983307e-001 -2.9875550e-001
 -3.1243148e-001 -1.9354442e-001
 -4.7186971e-001 -2.7156930e-001
  1.6036068e-001  1.2037772e-001
 -1.2921783e-001 -7.9834768e-002
 -1.6979963e-001 -1.4271713e-001
 -8.9157399e-001 -2.6651399e-001
 -4.8060876e-001 -2.5696392e-001
 -5.1164392e-001 -2.8457403e-001
  4.1819017e-001  3.2412828e-001
  3.1770146e-001  2.3872816e-001
 -7.6163732e-001 -2.8092777e-001
 -7.4156173e-001 -2.8646715e-001
 -8.4406276e-001 -2.8872505e-001
  4.7048018e-001  3.5414021e-001
  1.1229999e-001  7.3450125e-002
  6.6874238e-001  4.5813293e-001
 -7.8775107e-001 -3.1986459e-001
 -4.8687702e-001 -2.9020273e-001
 -8.9175195e-001 -2.8435995e-001
  3.1310780e-001  2.3069083e-001
 -4.4512684e-001 -2.7903969e-001
  4.1826060e-001  3.3561499e-001
 -7.3940896e-001 -3.0395941e-001
  4.7994548e-002  3.0807092e-002
 -9.0821977e-001 -2.8352785e-001
 -7.9738862e-001 -2.9888063e-001
 -6.2129820e-002 -6.1258055e-002
  4.2129272e-001  3.1978508e-001
  2.0269282e-001  1.5307405e-001
 -5.9016605e-001 -2.8370088e-001
  2.3757305e-001  2.0015111e-001
  3.9830023e-001  3.0479685e-001
 -3.7034266e-001 -2.3078546e-001
  6.0957729e-001  4.1444571e-001
 -6.4395514e-001 -3.1402205e-001
 -5.1738856e-001 -2.9496318e-001
  1.8945994e-001  1.6052706e-001
  7.3646583e-001  4.4692887e-001
