  1.1664204e-002  4.1208937e-003
  6.3419137e-003 -6.3210251e-003
  4.9941494e-004 -6.9009213e-004
  3.0170824e-003 -9.1376838e-004
 -1.0751745e-002 -5.0368426e-003
  4.4549109e-003 -5.5333297e-003
  9.3596697e-003  3.3395522e-003
 -3.3542561e-003  9.4013311e-005
  8.0205191e-003  5.9160267e-003
 -3.9311433e-003  1.4974130e-004
 -4.3750376e-002  3.7041669e-003
 -3.0943794e-002  6.1461203e-003
 -3.5391589e-002 -1.2702708e-003
 -4.1777478e-002 -3.2528410e-004
 -4.4023790e-002 -9.2187793e-003
 -2.3151516e-002 -9.5156614e-003
 -3.3627625e-002 -1.1923769e-002
 -3.0268802e-002 -8.9658445e-003
 -4.3685362e-002 -3.2110816e-003
 -2.7690808e-002 -7.3551516e-003
 -4.4786446e-002 -1.4885725e-002
 -2.3635832e-002 -1.6247549e-002
 -4.0512154e-002 -1.0684060e-002
 -2.3529651e-002 -1.5952040e-002
 -3.7684000e-002 -1.4973429e-002
 -3.1432559e-002 -1.5777800e-002
 -3.1841918e-002 -1.5336109e-002
 -4.0962307e-002 -1.6752255e-002
 -3.0050021e-002 -2.4392190e-002
 -2.4023178e-002 -2.0708056e-002
 -2.7700289e-002 -2.3226036e-002
 -3.2724257e-002 -2.1422532e-002
 -4.1304697e-002 -1.8095850e-002
 -2.3976304e-002 -2.4392173e-002
 -2.9880107e-002 -2.4900428e-002
 -3.6470274e-002 -2.1269398e-002
 -2.5713556e-002 -2.8171461e-002
 -2.9464091e-002 -2.5187781e-002
 -4.3573721e-002 -2.2406343e-002
 -4.4277749e-002 -2.5436060e-002
 -3.1697154e-002 -3.0440845e-002
 -3.8775675e-002 -2.5575192e-002
 -3.2705440e-002 -2.8214476e-002
 -2.2342371e-002 -2.4712686e-002
 -2.8663583e-002 -2.4151835e-002
 -3.1308762e-002 -2.0126133e-002
 -3.1612942e-002 -2.3274604e-002
 -3.2539014e-002 -2.2750660e-002
 -3.2808484e-002 -2.4513025e-002
 -4.2361271e-002 -2.6590783e-002
 -2.8363019e-002 -2.5637228e-002
 -3.8826873e-002 -1.9411527e-002
 -3.4049432e-002 -1.9735673e-002
 -2.9357572e-002 -2.8303623e-002
 -4.0863518e-002 -2.6391906e-002
 -4.5870365e-002 -2.1967661e-002
 -4.1487543e-002 -3.0807162e-002
 -4.1034420e-002 -2.5353453e-002
 -4.4956055e-002 -2.6796082e-002
 -3.7571422e-002 -2.1557406e-002
 -3.7309729e-002 -2.3311025e-002
 -3.4211509e-002 -2.9599198e-002
 -3.3209637e-002 -2.1401815e-002
 -3.6321072e-002 -2.1146581e-002
 -4.4457311e-002 -2.3964067e-002
 -4.2235256e-002 -2.8384067e-002
 -3.6524412e-002 -2.6991341e-002
 -2.3179622e-002 -3.0587897e-002
 -3.9735703e-002 -2.2662967e-002
 -3.5361860e-002 -3.2035537e-002
 -4.0762403e-002 -2.7929422e-002
 -3.5442733e-002 -2.3576245e-002
 -2.7201675e-002 -3.0603105e-002
 -4.2609973e-002 -2.5498500e-002
 -3.9890000e-002 -2.1058962e-002
 -3.2540337e-002 -3.2793450e-002
 -4.0413881e-002 -2.1122649e-002
 -2.4215146e-002 -2.2221028e-002
 -4.4789128e-002 -2.3952042e-002
 -1.6158551e-002 -2.6395039e-002
 -2.8526743e-002 -2.4095643e-002
 -1.7459220e-002 -2.2410816e-002
 -1.5046104e-002 -2.6998055e-002
 -2.6933818e-002 -2.2925236e-002
 -2.2922095e-002 -2.3689958e-002
 -1.8995632e-002 -1.7814067e-002
 -1.3974462e-002 -2.5362743e-002
 -7.0569155e-003 -1.5645282e-002
 -1.1554997e-002 -2.0500456e-002
 -2.2552789e-002 -2.1946864e-002
 -1.3474494e-002 -1.6211800e-002
 -1.0823073e-002 -2.3054226e-002
 -2.4710089e-002 -1.7728693e-002
 -9.1697252e-003 -1.8430629e-002
 -2.5995866e-002 -1.7925905e-002
 -2.1917812e-002 -2.1981586e-002
 -1.5102173e-002 -1.8384257e-002
 -1.2476067e-002 -1.7195374e-002
 -2.3050742e-002 -1.5877415e-002
 -1.6288449e-002 -2.1822179e-002
 -6.2874354e-003 -1.9622648e-002
 -1.6905262e-002 -1.1082658e-002
 -1.7834827e-002 -1.4953707e-002
 -2.7026121e-002 -1.1974981e-002
 -1.9836056e-002 -1.4545115e-002
 -1.6758605e-002 -1.8428397e-002
 -1.3497224e-002 -1.8562069e-002
 -2.2072781e-002 -9.9321945e-003
 -1.2635525e-002 -1.3561194e-002
 -8.7992460e-003 -1.3787790e-002
 -1.7314850e-002 -1.4001172e-002
 -1.7821943e-002 -8.6871116e-003
 -1.3472494e-002 -9.4529847e-003
 -1.7892640e-002 -1.1271337e-002
 -9.5062811e-003 -9.5635438e-003
 -5.5473252e-003 -1.7684342e-002
 -2.0921175e-002 -6.8454649e-003
 -1.7727437e-002 -1.0332433e-002
 -2.1674080e-002 -1.8388402e-002
 -2.4255648e-002 -1.9170709e-002
 -1.4633480e-002 -1.0149268e-002
 -1.4569795e-002 -9.1620279e-003
 -1.5147966e-002 -8.7561370e-003
 -1.0306593e-002 -9.9284889e-003
 -1.8862510e-002 -1.8846164e-002
 -1.6507554e-002 -1.7896590e-002
 -1.3227735e-002 -9.0346956e-003
 -2.7285336e-002 -1.0154419e-002
 -2.0556182e-002 -1.9114196e-002
 -2.8224659e-002 -1.4944146e-002
 -4.7607310e-003 -6.6333735e-003
 -2.7962654e-002 -1.0900906e-002
 -6.4210804e-003 -1.4184172e-002
 -8.9974793e-003 -1.3322924e-002
 -9.0511888e-003 -1.2564665e-002
 -5.7884837e-003 -1.3290659e-002
 -9.3697008e-003 -1.0731895e-002
 -2.7691519e-002 -1.5362995e-002
 -1.7089391e-002 -8.5752959e-003
 -1.3719033e-002 -1.2500332e-002
 -9.6978613e-003 -1.6703460e-002
 -2.2620469e-002 -9.6066593e-003
 -1.2412211e-002 -1.9377965e-002
 -2.1239005e-002 -1.3231977e-002
 -2.1613397e-002 -7.3184674e-003
 -1.6192487e-002 -7.7409459e-003
 -7.4753361e-003 -1.1449904e-002
 -1.9875922e-002 -7.5011842e-003
 -1.3320891e-001 -1.6297918e-002
 -1.4125033e-001 -1.8364094e-002
 -1.4137502e-001 -1.2913967e-002
 -1.4667608e-001 -2.3772277e-002
 -1.3106005e-001 -1.9104877e-002
 -1.3605931e-001 -2.7485480e-002
 -1.3922926e-001 -2.9160962e-002
 -1.4847685e-001 -3.7133816e-002
 -1.5088346e-001 -4.2690666e-002
 -1.3831159e-001 -5.3797180e-002
 -1.3535713e-001 -5.1838427e-002
 -1.4875667e-001 -6.1758964e-002
 -1.5006273e-001 -6.0721851e-002
 -1.4423102e-001 -7.0462157e-002
 -1.4612557e-001 -7.0549591e-002
 -1.3750727e-001 -7.0376973e-002
 -1.5283019e-001 -7.0046671e-002
 -1.4808721e-001 -8.0306567e-002
 -1.3483062e-001 -8.7444475e-002
 -1.3840169e-001 -7.7478705e-002
 -1.4340872e-001 -8.9009391e-002
 -1.3684248e-001 -8.1245043e-002
 -1.4519757e-001 -9.0275265e-002
 -1.3196621e-001 -9.5658751e-002
 -1.4614590e-001 -9.2918721e-002
 -1.3330223e-001 -9.9000291e-002
 -1.3125068e-001 -9.7227044e-002
 -1.3080866e-001 -9.6344079e-002
 -1.3484969e-001 -9.6055765e-002
 -1.3830836e-001 -9.2158010e-002
 -1.4608881e-001 -9.7652087e-002
 -1.4518910e-001 -1.0041103e-001
 -1.4119624e-001 -9.7469809e-002
 -1.4962572e-001 -1.0193306e-001
 -1.5062008e-001 -1.0444480e-001
 -1.3594845e-001 -9.4637174e-002
 -1.3629408e-001 -1.0419471e-001
 -1.4314678e-001 -1.0047446e-001
 -1.4565651e-001 -1.0232627e-001
 -1.3288919e-001 -1.0756254e-001
 -1.4895012e-001 -1.0339239e-001
 -1.4174999e-001 -1.0527075e-001
 -1.5308536e-001 -9.6813888e-002
 -1.3473399e-001 -1.0580933e-001
 -1.4666958e-001 -1.0654131e-001
 -1.3933133e-001 -1.0211286e-001
 -1.4314829e-001 -9.8137449e-002
 -1.3788598e-001 -1.0599269e-001
 -1.4246817e-001 -1.0302320e-001
 -1.4023265e-001 -9.9388644e-002
 -1.5173731e-001 -1.0172809e-001
 -1.3934851e-001 -1.0708827e-001
 -1.3071813e-001 -1.0902524e-001
 -1.3190057e-001 -9.7357946e-002
 -1.4982413e-001 -1.0390191e-001
 -1.4239928e-001 -1.0058182e-001
 -1.4660585e-001 -1.0255627e-001
 -1.3239727e-001 -1.0745339e-001
 -1.4174763e-001 -9.8124458e-002
 -1.3673441e-001 -1.0446519e-001
 -1.3685335e-001 -9.8362458e-002
 -1.3491346e-001 -1.0729233e-001
 -1.3912873e-001 -9.7550508e-002
 -1.3877271e-001 -1.0750993e-001
 -1.3564139e-001 -1.0887281e-001
 -1.4086204e-001 -1.0217776e-001
 -1.3176265e-001 -1.0711294e-001
 -1.3200047e-001 -1.0864336e-001
 -1.3474227e-001 -1.0096301e-001
  8.9108589e-001 -1.0664778e-001
  9.0155203e-001 -9.8729527e-002
  8.9095502e-001 -9.5769970e-002
  8.8670411e-001 -6.7712997e-002
  8.8396239e-001 -3.9505317e-002
  8.9509578e-001 -1.6295786e-002
  8.8781179e-001  1.1512654e-002
  9.0624720e-001  4.3039629e-002
  8.9529134e-001  7.2864192e-002
  9.0349157e-001  1.0428561e-001
  8.8556510e-001  1.2647363e-001
  8.9631512e-001  1.5060332e-001
  8.8746733e-001  1.7362459e-001
  8.8316822e-001  1.9537972e-001
  8.9768672e-001  2.1988441e-001
  8.8947472e-001  2.3428122e-001
  8.9231824e-001  2.5572414e-001
  8.8570536e-001  2.7089541e-001
  8.9211205e-001  2.8087069e-001
  8.8479315e-001  2.9156917e-001
  8.8854715e-001  3.0579168e-001
  8.9993167e-001  3.1373962e-001
  8.9369441e-001  3.1699789e-001
  8.9198899e-001  3.3466251e-001
  8.8414464e-001  3.3826369e-001
  9.0385758e-001  3.3892555e-001
  8.9697334e-001  3.4370699e-001
  8.8398315e-001  3.5496455e-001
  8.8880929e-001  3.5665996e-001
  8.9603437e-001  3.6487294e-001
  8.8494490e-001  3.7141994e-001
  8.9421963e-001  3.6647214e-001
  8.9810019e-001  3.7223376e-001
  8.9374282e-001  3.7182253e-001
  8.9701909e-001  3.8290109e-001
  8.8943250e-001  3.8194109e-001
  9.0152344e-001  3.8800709e-001
  9.0506547e-001  3.8797590e-001
  8.9904141e-001  3.8484006e-001
  9.0223991e-001  3.9142157e-001
  9.0316791e-001  3.8649552e-001
  8.8833392e-001  3.9408765e-001
  9.0536563e-001  3.9160578e-001
  8.9313841e-001  4.0039211e-001
  8.9325002e-001  3.9521408e-001
  8.9549954e-001  3.9573666e-001
  8.9256801e-001  3.9192984e-001
  8.8524474e-001  4.0096804e-001
  8.8663928e-001  3.9439610e-001
  8.9213419e-001  3.9750108e-001
  8.9637284e-001  3.9989263e-001
  9.0026926e-001  3.9669999e-001
  8.9929453e-001  3.9505389e-001
  8.9300037e-001  4.0646182e-001
  8.9123963e-001  3.9729458e-001
  9.0020554e-001  4.0112667e-001
  8.9921340e-001  3.9719732e-001
  8.9357204e-001  4.0412855e-001
  8.8921834e-001  3.9910360e-001
  9.0060416e-001  4.0788653e-001
  8.8646287e-001  4.0237889e-001
  8.8745024e-001  4.0123559e-001
  9.0280248e-001  4.0450485e-001
  8.8734998e-001  4.0133857e-001
  8.9303159e-001  4.0558138e-001
  9.0160450e-001  4.0672978e-001
  8.9371283e-001  4.0647348e-001
  9.0271951e-001  4.0513917e-001
  8.8291274e-001  3.9822592e-001
 -6.8336144e-001  3.9833340e-001
 -6.8643667e-001  4.0683598e-001
 -6.9485082e-001  3.8719988e-001
 -6.8640069e-001  3.5665357e-001
 -7.0405100e-001  3.1674231e-001
 -6.9581560e-001  2.8480751e-001
 -7.0155116e-001  2.4461998e-001
 -6.9622996e-001  1.9509807e-001
 -6.9623216e-001  1.5572232e-001
 -6.9239112e-001  1.1433915e-001
 -6.9444615e-001  7.8327243e-002
 -6.8841514e-001  3.9365321e-002
 -7.0254350e-001  9.9874667e-003
 -7.0437441e-001 -1.3909884e-002
 -6.9308827e-001 -4.3264033e-002
 -6.8240798e-001 -6.5929304e-002
 -6.9023779e-001 -9.1148399e-002
 -6.8751570e-001 -1.0945396e-001
 -7.0439972e-001 -1.3690596e-001
 -6.8393280e-001 -1.4864944e-001
 -6.8506882e-001 -1.6534584e-001
 -6.8772284e-001 -1.7079386e-001
 -6.9557797e-001 -1.9533844e-001
 -6.9556777e-001 -2.0321526e-001
 -6.9022294e-001 -2.0527768e-001
 -6.8594009e-001 -2.1586946e-001
 -6.9980303e-001 -2.2911432e-001
 -6.8733820e-001 -2.3241837e-001
 -6.8262924e-001 -2.4752548e-001
 -6.9982283e-001 -2.4726850e-001
 -6.9327417e-001 -2.5114861e-001
 -6.8306412e-001 -2.6393579e-001
 -6.8443274e-001 -2.6071141e-001
 -7.0080189e-001 -2.6640926e-001
 -6.9016579e-001 -2.7173381e-001
 -6.9265326e-001 -2.7117835e-001
 -6.8730249e-001 -2.7924900e-001
 -6.8711277e-001 -2.8350463e-001
 -6.9317581e-001 -2.8777747e-001
 -6.9387552e-001 -2.7975344e-001
 -6.9514566e-001 -2.9216062e-001
 -6.9221731e-001 -2.8382770e-001
 -6.9310628e-001 -2.9567574e-001
 -6.9534113e-001 -2.9844571e-001
 -6.8826810e-001 -2.9130448e-001
 -6.8873555e-001 -3.0067601e-001
 -6.9475922e-001 -2.9169570e-001
 -6.8567530e-001 -3.0056626e-001
 -6.8203105e-001 -2.9368621e-001
 -7.0451365e-001 -2.9709138e-001
 -6.8956679e-001 -3.0458490e-001
 -6.9021134e-001 -3.0324449e-001
 -6.9956807e-001 -2.9798713e-001
 -6.9528333e-001 -3.0465101e-001
 -6.8200312e-001 -3.0409386e-001
 -6.9752281e-001 -3.0259612e-001
 -7.0355115e-001 -3.0000432e-001
 -6.9031651e-001 -3.0368608e-001
 -6.9077741e-001 -3.0808011e-001
 -6.9519156e-001 -3.0521194e-001
 -6.9330729e-001 -2.9704128e-001
 -6.9228888e-001 -2.9872820e-001
 -6.9210030e-001 -2.9735638e-001
 -6.8968252e-001 -3.0745019e-001
 -6.8723193e-001 -2.9846745e-001
 -7.0492448e-001 -3.0797464e-001
 -7.0173976e-001 -3.0253106e-001
 -6.8373215e-001 -3.0303085e-001
 -7.0010573e-001 -3.0835832e-001
 -2.3920881e-001 -3.0026699e-001
 -2.4773964e-001 -3.0830164e-001
 -2.4037851e-001 -3.0719304e-001
 -2.3478317e-001 -2.9022649e-001
 -2.4573504e-001 -2.8447373e-001
 -2.4238587e-001 -2.8419720e-001
 -2.3295591e-001 -2.7890662e-001
 -2.4820482e-001 -2.5946384e-001
 -2.4894725e-001 -2.5164501e-001
 -2.3539927e-001 -2.4556268e-001
 -2.3430294e-001 -2.4001140e-001
 -2.3838666e-001 -2.3471692e-001
 -2.3791631e-001 -2.3412505e-001
 -2.4009713e-001 -2.2144488e-001
 -2.3989363e-001 -2.1635965e-001
 -2.4675277e-001 -2.0899927e-001
 -2.4647589e-001 -2.0525442e-001
 -2.5419906e-001 -2.0604197e-001
 -2.5495206e-001 -2.0493559e-001
 -2.4199609e-001 -2.0170620e-001
 -2.4448839e-001 -1.9064144e-001
 -2.3843131e-001 -1.9555399e-001
 -2.3907678e-001 -1.9178071e-001
 -2.4923361e-001 -1.9159624e-001
 -2.4351827e-001 -1.8794036e-001
 -2.5146296e-001 -1.8847386e-001
 -2.3241907e-001 -1.7732170e-001
 -2.5047278e-001 -1.7897642e-001
 -2.5144352e-001 -1.8361132e-001
 -2.4935662e-001 -1.8059696e-001
 -2.3869691e-001 -1.7219665e-001
 -2.3167160e-001 -1.8245402e-001
 -2.4359505e-001 -1.7791170e-001
 -2.3490688e-001 -1.7451892e-001
 -2.4399839e-001 -1.7049849e-001
 -2.5370665e-001 -1.7496205e-001
 -2.4910664e-001 -1.6864989e-001
 -2.5196977e-001 -1.7362066e-001
 -2.3397191e-001 -1.7613368e-001
 -2.3805572e-001 -1.7716694e-001
 -2.4856424e-001 -1.7532599e-001
 -2.4629083e-001 -1.6695177e-001
 -2.3482382e-001 -1.7357694e-001
 -2.4368430e-001 -1.7206679e-001
 -2.3508288e-001 -1.7354017e-001
 -2.4436304e-001 -1.7213271e-001
 -2.4641855e-001 -1.6590646e-001
 -2.5251225e-001 -1.6446077e-001
 -2.5007272e-001 -1.6567271e-001
 -2.4381615e-001 -1.7663910e-001
 -2.5469909e-001 -1.6547114e-001
 -2.3589899e-001 -1.6709919e-001
 -2.3761614e-001 -1.6689299e-001
 -2.4380134e-001 -1.6387469e-001
 -2.5412548e-001 -1.6767931e-001
 -2.4988415e-001 -1.6783549e-001
 -2.4375086e-001 -1.7575753e-001
 -2.3603218e-001 -1.7179813e-001
 -2.3689866e-001 -1.6481183e-001
 -2.5440512e-001 -1.7074397e-001
 -2.5306485e-001 -1.7580802e-001
 -2.4341402e-001 -1.6776645e-001
 -2.3870206e-001 -1.7256086e-001
 -2.4998380e-001 -1.6971056e-001
 -2.4111712e-001 -1.6988998e-001
 -2.4703055e-001 -1.7389101e-001
 -2.4042689e-001 -1.6891779e-001
 -2.4251148e-001 -1.6820003e-001
 -2.3477091e-001 -1.7093104e-001
 -1.4657245e-001 -1.7026100e-001
 -1.4542080e-001 -1.6674115e-001
 -1.3936074e-001 -1.6388019e-001
 -1.3166379e-001 -1.7085740e-001
 -1.3768073e-001 -1.5927743e-001
 -1.4781939e-001 -1.5277563e-001
 -1.3036833e-001 -1.5919333e-001
 -1.3388669e-001 -1.5013253e-001
 -1.2864850e-001 -1.4865841e-001
 -1.4677462e-001 -1.3690157e-001
 -1.3897143e-001 -1.3779424e-001
 -1.3844025e-001 -1.2977375e-001
 -1.4759829e-001 -1.3834909e-001
 -1.4855266e-001 -1.3475839e-001
 -1.3657608e-001 -1.2305032e-001
 -1.3967056e-001 -1.2364000e-001
 -1.4758932e-001 -1.2028802e-001
 -1.3042757e-001 -1.1581824e-001
 -1.4458048e-001 -1.1905251e-001
 -1.3995420e-001 -1.2230782e-001
 -1.3849878e-001 -1.1668726e-001
 -1.3744358e-001 -1.1837666e-001
 -1.4955726e-001 -1.1214495e-001
 -1.4194560e-001 -1.1810059e-001
 -1.4193019e-001 -1.0788731e-001
 -1.4887555e-001 -1.1430492e-001
 -1.3541547e-001 -1.1314776e-001
 -1.4070189e-001 -1.0697964e-001
 -1.5078795e-001 -1.0830782e-001
 -1.3453740e-001 -1.0680918e-001
 -1.4023319e-001 -1.1075291e-001
 -1.3411848e-001 -1.0920836e-001
 -1.4527897e-001 -1.0893488e-001
 -1.4914573e-001 -1.0834408e-001
 -1.3382121e-001 -1.0887638e-001
 -1.5153062e-001 -1.1010256e-001
 -1.2928701e-001 -1.0412359e-001
 -1.3430271e-001 -9.9672002e-002
 -1.4273322e-001 -9.9533884e-002
 -1.4412558e-001 -1.0611922e-001
 -1.2944211e-001 -1.0833746e-001
 -1.3574049e-001 -9.9473030e-002
 -1.4560017e-001 -1.0951609e-001
 -1.4157748e-001 -1.0335639e-001
 -1.4262405e-001 -1.0837036e-001
 -1.3153034e-001 -1.0823405e-001
 -1.2799288e-001 -1.0652706e-001
 -1.3304323e-001 -1.0281765e-001
 -1.5085337e-001 -9.7108983e-002
 -1.4016282e-001 -1.0937803e-001
 -1.5059718e-001 -1.0644337e-001
 -1.3720312e-001 -1.0202619e-001
 -1.4514332e-001 -1.0081247e-001
 -1.4658561e-001 -1.0267711e-001
 -1.4546853e-001 -1.0787581e-001
 -1.3115496e-001 -1.0384905e-001
 -1.4423656e-001 -9.9685963e-002
 -1.3265215e-001 -1.0838672e-001
 -1.4663243e-001 -1.0646297e-001
 -1.2817620e-001 -1.0079736e-001
 -1.3366641e-001 -9.8297833e-002
 -1.3810496e-001 -1.0913790e-001
 -1.3394019e-001 -1.0567982e-001
 -1.3239401e-001 -1.0833572e-001
 -1.4117784e-001 -1.0141919e-001
 -1.4723265e-001 -1.0871215e-001
 -1.3203495e-001 -1.0528895e-001
 -1.4910999e-001 -9.8220447e-002
 -1.4567851e-001 -9.9351561e-002
  1.1554077e-003 -1.0209716e-001
  7.5383714e-003 -1.0681026e-001
 -8.4268302e-003 -1.0685855e-001
 -5.6764559e-003 -9.9992365e-002
 -6.8318254e-003 -8.6428563e-002
 -9.9439619e-003 -8.1900555e-002
  1.1765401e-002 -7.6325295e-002
 -7.5290982e-004 -6.7524273e-002
  1.6723036e-004 -6.4812118e-002
  5.0964995e-003 -5.6907657e-002
 -2.7536626e-003 -5.7714656e-002
  5.6790960e-003 -4.9330318e-002
  5.3390322e-003 -4.8414376e-002
  1.1713654e-002 -4.4789894e-002
 -1.0786676e-002 -3.9843369e-002
  8.0681011e-003 -3.5257997e-002
  8.4467328e-003 -3.6600079e-002
 -5.4118101e-003 -3.2447072e-002
  8.0087130e-003 -1.9466201e-002
  1.1916400e-002 -1.8815814e-002
 -6.6860852e-003 -1.6448448e-002
 -6.9835679e-003 -1.2873804e-002
  5.5028254e-003 -1.3985675e-002
  9.0586948e-003 -1.3133432e-002
 -4.4703611e-003 -9.2042185e-003
  1.3133656e-003 -1.4459177e-002
 -9.3465581e-003 -1.0256078e-002
 -3.6765244e-003 -9.8525027e-003
 -1.9864013e-003 -5.0643307e-003
 -3.4993915e-003 -1.1457206e-002
  6.0355459e-003 -7.8229123e-003
 -3.0987688e-003 -1.4838831e-003
  4.4019017e-003 -3.1210037e-003
 -4.7148265e-003  1.1692552e-003
 -4.7567093e-003  7.0503054e-004
 -7.7483017e-003 -5.4017323e-004
  7.7745129e-004 -6.3729797e-003
  7.0661066e-003 -8.0720934e-003
 -4.5191093e-003 -1.9530675e-003
 -3.3292154e-003  3.1411584e-003
  8.8741307e-003 -2.9570931e-003
 -1.5810996e-003 -1.6078000e-003
  6.6212407e-003 -3.0565733e-003
  2.5773988e-003 -4.3367421e-003
  3.8796421e-003 -3.7968591e-003
 -2.2037754e-003 -5.4455456e-003
 -3.6449378e-003  3.2562400e-003
 -7.3107320e-003  2.1684173e-003
  1.8158668e-003  4.7552947e-003
 -1.0683760e-002  5.2623177e-003
  8.9846865e-005  1.6078492e-003
  3.2509855e-003 -5.1288274e-003
  4.3139599e-003  5.7089969e-003
  1.2250752e-002  5.6016956e-003
 -4.2971358e-003 -1.2685702e-003
 -8.7923667e-003  3.4686316e-004
  9.3388290e-003  1.6018633e-003
 -3.8012820e-003 -5.8549622e-003
  8.7430711e-003  4.5029789e-003
 -2.9834688e-003  2.8251957e-003
 -8.0589707e-003  3.2486053e-003
  1.3186147e-003  1.1260596e-003
  4.8329551e-003 -3.5157869e-003
 -4.7442251e-003  6.3736081e-003
 -2.0386484e-003  3.8382325e-003
 -4.9705698e-003  1.5712300e-003
  3.5340675e-003 -5.7009354e-003
 -1.0866510e-002 -2.3144012e-003
 -8.8236504e-003 -4.6765104e-003
 -2.7122190e-001 -5.5408725e-003
 -2.8176867e-001 -6.8929399e-004
 -2.8654997e-001  8.6444296e-004
 -2.8442147e-001 -6.1002269e-003
 -2.9230683e-001 -2.4901974e-002
 -2.7251452e-001 -3.6611482e-002
 -2.7310866e-001 -4.5786478e-002
 -2.8094127e-001 -5.2979169e-002
 -2.8690032e-001 -6.3578830e-002
 -2.7255093e-001 -7.5415439e-002
 -2.8873730e-001 -9.0517618e-002
 -2.7957474e-001 -9.7969645e-002
 -2.9063370e-001 -9.9210196e-002
 -2.8659201e-001 -1.0657053e-001
 -2.8692129e-001 -1.1976143e-001
 -2.7546051e-001 -1.3124061e-001
 -2.8068032e-001 -1.3071278e-001
 -2.8383672e-001 -1.4226233e-001
 -2.8934298e-001 -1.4691601e-001
 -2.8971361e-001 -1.4622552e-001
 -2.7760962e-001 -1.5390233e-001
 -2.8919228e-001 -1.5375917e-001
 -2.9200094e-001 -1.6524091e-001
 -2.8871108e-001 -1.6884904e-001
 -2.7057242e-001 -1.6311674e-001
 -2.7642646e-001 -1.6323982e-001
 -2.7664997e-001 -1.6518130e-001
 -2.8561611e-001 -1.7528062e-001
 -2.8483988e-001 -1.7491486e-001
 -2.8646621e-001 -1.7627441e-001
 -2.7366010e-001 -1.7245038e-001
 -2.9237215e-001 -1.7822623e-001
 -2.8094719e-001 -1.7877051e-001
 -2.7217157e-001 -1.7719230e-001
 -2.8666677e-001 -1.7764531e-001
 -2.7768878e-001 -1.7880489e-001
 -2.9033135e-001 -1.8595973e-001
 -2.7748295e-001 -1.8572146e-001
 -2.7768220e-001 -1.8965531e-001
 -2.7251717e-001 -1.8271392e-001
 -2.7574253e-001 -1.8940046e-001
 -2.7393587e-001 -1.8810374e-001
 -2.9230119e-001 -1.8364257e-001
 -2.7807652e-001 -1.9004085e-001
 -2.8835534e-001 -1.9358527e-001
 -2.9330518e-001 -1.9187547e-001
 -2.7940422e-001 -1.9349114e-001
 -2.9037875e-001 -1.8872407e-001
 -2.7639324e-001 -1.8644608e-001
 -2.9201757e-001 -1.8518631e-001
 -2.7550366e-001 -1.8812678e-001
 -2.8870532e-001 -1.8937837e-001
 -2.8372119e-001 -1.8918627e-001
 -2.7496977e-001 -1.9633019e-001
 -2.9284945e-001 -1.9326427e-001
 -2.8741996e-001 -1.8595956e-001
 -2.8245744e-001 -1.8600885e-001
 -2.8540920e-001 -1.8666643e-001
 -2.8376062e-001 -1.9142572e-001
 -2.7794436e-001 -1.9595522e-001
 -2.7885508e-001 -1.9435074e-001
 -2.9336240e-001 -1.9326325e-001
 -2.9216908e-001 -1.9661096e-001
 -2.7835865e-001 -1.8670403e-001
 -2.8381670e-001 -1.8808442e-001
 -2.8404809e-001 -1.8684037e-001
 -2.7144989e-001 -1.9603292e-001
 -2.7608209e-001 -1.8660701e-001
 -2.9157985e-001 -1.8566277e-001
  4.4306458e-001 -1.9606872e-001
  4.4732777e-001 -1.9526074e-001
  4.5315099e-001 -1.7475947e-001
  4.3246643e-001 -1.6156087e-001
  4.4916503e-001 -1.3123124e-001
  4.3193383e-001 -9.8345206e-002
  4.3889411e-001 -6.3605804e-002
  4.3181134e-001 -3.4034361e-002
  4.4560528e-001 -1.2048095e-003
  4.4297515e-001  2.1166266e-002
  4.4123709e-001  4.9963976e-002
  4.3750018e-001  8.2378066e-002
  4.4702229e-001  1.0063038e-001
  4.5382577e-001  1.2784609e-001
  4.3185625e-001  1.3860322e-001
  4.4900749e-001  1.6135626e-001
  4.3924520e-001  1.8360339e-001
  4.3130331e-001  1.9515341e-001
  4.3222803e-001  2.0648133e-001
  4.3342972e-001  2.2277025e-001
  4.4163805e-001  2.4042995e-001
  4.4914973e-001  2.4878014e-001
  4.4576419e-001  2.5946005e-001
  4.3371946e-001  2.6922624e-001
  4.5187318e-001  2.7486532e-001
  4.4786573e-001  2.8433195e-001
  4.3447629e-001  2.8624335e-001
  4.3992790e-001  2.8468054e-001
  4.5097107e-001  2.9829284e-001
  4.4752403e-001  2.9821501e-001
  4.3162651e-001  3.0106964e-001
  4.4344689e-001  3.0221935e-001
  4.3516126e-001  3.1389433e-001
  4.4529390e-001  3.1577010e-001
  4.3565990e-001  3.1983465e-001
  4.4183087e-001  3.1298341e-001
  4.5385555e-001  3.2008906e-001
  4.3837781e-001  3.2108247e-001
  4.5125496e-001  3.2091823e-001
  4.4458259e-001  3.3316464e-001
  4.4421360e-001  3.2946557e-001
  4.4296116e-001  3.3196680e-001
  4.4750659e-001  3.3311405e-001
  4.4680966e-001  3.3211073e-001
  4.4468032e-001  3.3545857e-001
  4.3146848e-001  3.3982604e-001
  4.3949137e-001  3.3664651e-001
  4.3631666e-001  3.3532244e-001
  4.4464611e-001  3.3120770e-001
  4.4303250e-001  3.4205408e-001
  4.3672891e-001  3.3887555e-001
  4.5214439e-001  3.3130710e-001
  4.4976321e-001  3.3890819e-001
  4.3400108e-001  3.4071150e-001
  4.3293390e-001  3.3253084e-001
  4.3207112e-001  3.3783863e-001
  4.4304362e-001  3.4246758e-001
  4.5068775e-001  3.3931015e-001
  4.3216866e-001  3.3497868e-001
  4.3999737e-001  3.3799678e-001
  4.3479293e-001  3.4399396e-001
  4.4273276e-001  3.4557930e-001
  4.4527219e-001  3.4123243e-001
  4.4322604e-001  3.3868634e-001
  4.4366985e-001  3.3602757e-001
  4.4959685e-001  3.4589746e-001
  4.3430697e-001  3.4555972e-001
  4.5076792e-001  3.3412407e-001
  4.3996497e-001  3.3629957e-001
  1.3717761e-001  3.3655637e-001
  1.3831909e-001  3.4431080e-001
  1.3660834e-001  3.3141117e-001
  1.2131892e-001  3.2868409e-001
  1.3594990e-001  3.1446333e-001
  1.3475156e-001  3.0264288e-001
  1.1560775e-001  2.8256039e-001
  1.3856732e-001  2.6656952e-001
  1.3934342e-001  2.6164838e-001
  1.1637572e-001  2.4839220e-001
  1.3296485e-001  2.3129849e-001
  1.2026952e-001  2.2420571e-001
  1.1778168e-001  2.1324178e-001
  1.2351699e-001  2.0343867e-001
  1.3020619e-001  1.8513344e-001
  1.3287020e-001  1.7701828e-001
  1.3628358e-001  1.7086278e-001
  1.2841391e-001  1.6824343e-001
  1.3062091e-001  1.6506102e-001
  1.3839243e-001  1.5874218e-001
  1.2161438e-001  1.5577259e-001
  1.3271629e-001  1.3900247e-001
  1.3843124e-001  1.4433899e-001
  1.1580422e-001  1.3836010e-001
  1.3747731e-001  1.3313711e-001
  1.3884457e-001  1.2632837e-001
  1.3677155e-001  1.2720373e-001
  1.3013864e-001  1.2672027e-001
  1.3645099e-001  1.1747133e-001
  1.3787869e-001  1.2704673e-001
  1.2657588e-001  1.2419043e-001
  1.3459045e-001  1.1590045e-001
  1.1964767e-001  1.1077444e-001
  1.1766922e-001  1.0849231e-001
  1.2239412e-001  1.1204010e-001
  1.1798928e-001  1.1697413e-001
  1.3216258e-001  1.1019268e-001
  1.3527396e-001  1.0845862e-001
  1.3267257e-001  1.1300159e-001
  1.3691324e-001  1.0378307e-001
  1.3922988e-001  1.1232084e-001
  1.3651679e-001  1.0893373e-001
  1.2955760e-001  1.0313451e-001
  1.3627661e-001  1.1185095e-001
  1.3093069e-001  1.1195856e-001
  1.2833344e-001  1.0023422e-001
  1.1604531e-001  1.0824373e-001
  1.2642176e-001  1.0724765e-001
  1.3464997e-001  1.0509848e-001
  1.3096957e-001  1.0590183e-001
  1.2385302e-001  1.1028886e-001
  1.2475928e-001  9.9364046e-002
  1.2422908e-001  9.8751601e-002
  1.1953209e-001  1.0725178e-001
  1.2481234e-001  1.0667336e-001
  1.2918489e-001  1.0007401e-001
  1.2391629e-001  1.0766254e-001
  1.3059810e-001  1.0937144e-001
  1.1964499e-001  9.7864436e-002
  1.2814636e-001  1.0655114e-001
  1.2552410e-001  1.0222700e-001
  1.2413503e-001  1.0409217e-001
  1.2345948e-001  9.7069158e-002
  1.1994614e-001  9.8020440e-002
  1.1721145e-001  1.0546470e-001
  1.2655631e-001  1.0464462e-001
  1.3524960e-001  9.6322321e-002
  1.2434236e-001  1.0282962e-001
  1.2672627e-001  1.0814799e-001
 -4.5046985e-001  1.0273442e-001
 -4.4969708e-001  1.0845446e-001
 -4.4163079e-001  9.8860341e-002
 -4.3958547e-001  7.8552689e-002
 -4.4815957e-001  6.6094321e-002
 -4.4091488e-001  3.5887567e-002
 -4.4066695e-001  2.1671616e-002
 -4.3867918e-001 -2.6987787e-003
 -4.4172045e-001 -2.6432605e-002
 -4.5109797e-001 -4.7792043e-002
 -4.4722366e-001 -6.6582908e-002
 -4.5040697e-001 -8.3936741e-002
 -4.4269069e-001 -9.9372320e-002
 -4.4893696e-001 -1.1573160e-001
 -4.4006345e-001 -1.3142555e-001
 -4.2990941e-001 -1.3387603e-001
 -4.4223705e-001 -1.5024937e-001
 -4.5038393e-001 -1.6586917e-001
 -4.3393415e-001 -1.6793808e-001
 -4.3246031e-001 -1.7831925e-001
 -4.4973767e-001 -1.8385316e-001
 -4.4665552e-001 -1.9175929e-001
 -4.3812895e-001 -2.0833006e-001
 -4.4500872e-001 -2.0242156e-001
 -4.2896006e-001 -2.1073350e-001
 -4.3552811e-001 -2.1863923e-001
 -4.4946401e-001 -2.2458814e-001
 -4.4519967e-001 -2.2856243e-001
 -4.4560148e-001 -2.2737127e-001
 -4.4601327e-001 -2.3533718e-001
 -4.3761857e-001 -2.3985994e-001
 -4.3164373e-001 -2.3554566e-001
 -4.3982220e-001 -2.3508021e-001
 -4.3799747e-001 -2.4145565e-001
 -4.3685841e-001 -2.4301682e-001
 -4.3270970e-001 -2.4150527e-001
 -4.3088922e-001 -2.5171572e-001
 -4.4481421e-001 -2.5248864e-001
 -4.2804977e-001 -2.5057958e-001
 -4.4514650e-001 -2.5293822e-001
 -4.5143544e-001 -2.4775740e-001
 -4.4667278e-001 -2.5922587e-001
 -4.3202742e-001 -2.5704102e-001
 -4.4459255e-001 -2.5070442e-001
 -4.4892394e-001 -2.5301241e-001
 -4.3809434e-001 -2.5961204e-001
 -4.4335929e-001 -2.5178509e-001
 -4.3807465e-001 -2.5598159e-001
 -4.4459071e-001 -2.5186683e-001
 -4.4193535e-001 -2.5409020e-001
 -4.4306229e-001 -2.5904456e-001
 -4.4346934e-001 -2.6484292e-001
 -4.3268457e-001 -2.6099759e-001
 -4.5047750e-001 -2.5667963e-001
 -4.4956456e-001 -2.6093885e-001
 -4.4539308e-001 -2.6467081e-001
 -4.3005190e-001 -2.5710223e-001
 -4.4213802e-001 -2.6144973e-001
 -4.4317932e-001 -2.6062333e-001
 -4.3345144e-001 -2.6115617e-001
 -4.4013435e-001 -2.5459327e-001
 -4.5140492e-001 -2.6366103e-001
 -4.5102719e-001 -2.6166426e-001
 -4.3610003e-001 -2.6324834e-001
 -4.3181207e-001 -2.6074382e-001
 -4.4274558e-001 -2.6546267e-001
 -4.5105907e-001 -2.5626518e-001
 -4.4830646e-001 -2.5856500e-001
 -4.5030657e-001 -2.5966431e-001
 -9.9400742e-001 -2.5665348e-001
 -9.9218161e-001 -2.5806189e-001
 -9.8114069e-001 -2.5606207e-001
 -9.7778303e-001 -2.6051088e-001
 -9.7581331e-001 -2.6346234e-001
 -9.9101437e-001 -2.6053751e-001
 -9.7713527e-001 -2.5265752e-001
 -9.9491152e-001 -2.6050962e-001
 -9.8049964e-001 -2.5153986e-001
 -9.8300501e-001 -2.6158230e-001
 -9.9084116e-001 -2.5663916e-001
 -9.7312845e-001 -2.5337173e-001
 -9.8645802e-001 -2.5602972e-001
 -9.7270569e-001 -2.5118985e-001
 -9.8008092e-001 -2.5827517e-001
 -9.7109705e-001 -2.5754660e-001
 -9.9415685e-001 -2.5620189e-001
 -9.7148573e-001 -2.5144554e-001
 -9.8006716e-001 -2.5155718e-001
 -9.7135747e-001 -2.4633826e-001
 -9.7980862e-001 -2.5163353e-001
 -9.7405422e-001 -2.4718827e-001
 -9.8613880e-001 -2.4979839e-001
 -9.7982681e-001 -2.5407696e-001
 -9.9405976e-001 -2.4211079e-001
 -9.8681721e-001 -2.5391893e-001
 -9.8400911e-001 -2.5294597e-001
 -9.9101053e-001 -2.4841543e-001
 -9.7669810e-001 -2.4766197e-001
 -9.8560455e-001 -2.4441421e-001
 -9.9427732e-001 -2.4960484e-001
 -9.8884637e-001 -2.4556375e-001
 -9.7186971e-001 -2.4163430e-001
 -9.9214334e-001 -2.4884746e-001
 -9.7737572e-001 -2.4325700e-001
 -9.7385326e-001 -2.4179163e-001
 -9.7632094e-001 -2.5314514e-001
 -9.9083803e-001 -2.5289666e-001
 -9.8032185e-001 -2.4175425e-001
 -9.7692320e-001 -2.4059276e-001
 -9.9159650e-001 -2.4433694e-001
 -9.9046536e-001 -2.5160774e-001
 -9.8151436e-001 -2.4671835e-001
 -9.7993024e-001 -2.4606728e-001
 -9.8500276e-001 -2.4936959e-001
 -9.8957247e-001 -2.4642933e-001
 -9.8801052e-001 -2.5130328e-001
 -9.8530178e-001 -2.5216268e-001
 -9.8032852e-001 -2.4330226e-001
 -9.8564725e-001 -2.4134103e-001
 -9.7499263e-001 -2.5127287e-001
 -9.8233432e-001 -2.4382817e-001
 -9.7645924e-001 -2.5317329e-001
 -9.8725398e-001 -2.4956090e-001
 -9.7969105e-001 -2.5281926e-001
 -9.7297371e-001 -2.4519482e-001
 -9.9109927e-001 -2.4916890e-001
 -9.8667910e-001 -2.4674524e-001
 -9.7902918e-001 -2.5058248e-001
 -9.9178920e-001 -2.4054120e-001
 -9.8580327e-001 -2.4053310e-001
 -9.8499624e-001 -2.5311563e-001
 -9.8413430e-001 -2.5167747e-001
 -9.9439661e-001 -2.5188516e-001
 -9.8793470e-001 -2.4231381e-001
 -9.8405253e-001 -2.4863177e-001
 -9.7375843e-001 -2.5006835e-001
 -9.7447014e-001 -2.4980693e-001
 -9.7870556e-001 -2.4027735e-001
 -9.0087271e-001 -2.4414231e-001
 -9.1569748e-001 -2.5075888e-001
 -9.0229094e-001 -2.4134739e-001
 -8.9481260e-001 -2.4200398e-001
 -8.9718461e-001 -2.5171707e-001
 -8.9822126e-001 -2.5076221e-001
 -8.9566050e-001 -2.5329321e-001
 -9.0796373e-001 -2.5627659e-001
 -9.1542088e-001 -2.5248313e-001
 -8.9876241e-001 -2.6218695e-001
 -8.9655288e-001 -2.6131367e-001
 -9.1180062e-001 -2.6003551e-001
 -8.9723380e-001 -2.6021378e-001
 -8.9769696e-001 -2.6326191e-001
 -9.0683635e-001 -2.6385405e-001
 -9.1564689e-001 -2.6048953e-001
 -8.9440041e-001 -2.6792246e-001
 -9.0046464e-001 -2.6204384e-001
 -9.0282200e-001 -2.6197986e-001
 -9.0949793e-001 -2.6428228e-001
 -8.9624889e-001 -2.6201524e-001
 -9.0580698e-001 -2.6834122e-001
 -9.1067041e-001 -2.6599216e-001
 -9.1492397e-001 -2.6617752e-001
 -9.1400676e-001 -2.6361781e-001
 -9.0661931e-001 -2.7376768e-001
 -9.1304670e-001 -2.6373662e-001
 -9.0077073e-001 -2.6644145e-001
 -9.1557041e-001 -2.7135560e-001
 -9.1425163e-001 -2.7260566e-001
 -8.9414488e-001 -2.6992649e-001
 -9.0341850e-001 -2.7351462e-001
 -8.9592456e-001 -2.7326726e-001
 -9.0810901e-001 -2.6872670e-001
 -8.9577894e-001 -2.7179217e-001
 -9.1396423e-001 -2.7403335e-001
 -9.1563025e-001 -2.7618460e-001
 -9.0842076e-001 -2.7556283e-001
 -9.0048396e-001 -2.7663015e-001
 -9.0440582e-001 -2.7123701e-001
 -9.1723069e-001 -2.6655195e-001
 -9.0761235e-001 -2.7556188e-001
 -9.1580565e-001 -2.6598554e-001
 -8.9880718e-001 -2.6953136e-001
 -8.9830555e-001 -2.6695666e-001
 -9.1554412e-001 -2.7407907e-001
 -9.1255015e-001 -2.7873502e-001
 -9.1577105e-001 -2.6628679e-001
 -9.0686731e-001 -2.7569615e-001
 -9.1211234e-001 -2.6930208e-001
 -9.1552444e-001 -2.7405459e-001
 -8.9451434e-001 -2.7630858e-001
 -9.1096806e-001 -2.7642821e-001
 -9.1402238e-001 -2.7263924e-001
 -9.1255105e-001 -2.6900790e-001
 -9.0998266e-001 -2.6933414e-001
 -9.0488062e-001 -2.6806983e-001
 -9.0710917e-001 -2.7587109e-001
 -9.0633698e-001 -2.7798782e-001
 -9.1191821e-001 -2.6702747e-001
 -9.0220331e-001 -2.7032459e-001
 -9.0583836e-001 -2.7791712e-001
 -9.1755804e-001 -2.7820113e-001
 -8.9691257e-001 -2.7523065e-001
 -9.0522945e-001 -2.7182778e-001
 -8.9863297e-001 -2.6668195e-001
 -8.9832981e-001 -2.7868045e-001
 -9.0605409e-001 -2.7364484e-001
 -8.9587027e-001 -2.7662134e-001
 -2.8325402e-001 -2.7670268e-001
 -2.9027467e-001 -2.7752433e-001
 -2.8561126e-001 -2.7587229e-001
 -2.8190838e-001 -2.6836182e-001
 -2.9543674e-001 -2.6941896e-001
 -2.8393964e-001 -2.6073235e-001
 -2.8625966e-001 -2.5228911e-001
 -2.9262246e-001 -2.5012678e-001
 -2.8178818e-001 -2.4926919e-001
 -2.9191912e-001 -2.4343536e-001
 -3.0469155e-001 -2.3600826e-001
 -3.0302012e-001 -2.3859465e-001
 -2.8864864e-001 -2.3619059e-001
 -3.0004186e-001 -2.3263917e-001
 -2.9523475e-001 -2.2683614e-001
 -3.0397444e-001 -2.2644425e-001
 -3.0438406e-001 -2.1543684e-001
 -2.9665578e-001 -2.1674596e-001
 -2.9150609e-001 -2.1687856e-001
 -2.8398785e-001 -2.1981675e-001
 -2.8706861e-001 -2.1270204e-001
 -2.8127267e-001 -2.0444305e-001
 -2.8760422e-001 -2.0401327e-001
 -2.8198233e-001 -2.0199385e-001
 -2.8805020e-001 -2.0948161e-001
 -3.0068660e-001 -1.9940539e-001
 -3.0022009e-001 -2.0910927e-001
 -2.9782039e-001 -2.1029482e-001
 -3.0478142e-001 -2.0045929e-001
 -2.8636703e-001 -2.0722067e-001
 -2.9528979e-001 -2.0419853e-001
 -2.9559456e-001 -2.0266407e-001
 -3.0277284e-001 -1.9507533e-001
 -2.9493373e-001 -1.9822741e-001
 -2.8900716e-001 -1.9873462e-001
 -2.8658004e-001 -2.0208842e-001
 -2.9986627e-001 -2.0100866e-001
 -2.9142591e-001 -1.9862627e-001
 -2.8993315e-001 -1.9653103e-001
 -3.0469034e-001 -2.0347869e-001
 -2.8980180e-001 -1.9799688e-001
 -2.9635513e-001 -2.0407053e-001
 -3.0020585e-001 -1.9743574e-001
 -2.9280688e-001 -2.0108860e-001
 -2.9372653e-001 -2.0132486e-001
 -2.8952995e-001 -1.9589125e-001
 -2.9385212e-001 -2.0145410e-001
 -2.8846484e-001 -1.9480862e-001
 -2.9817995e-001 -1.9621058e-001
 -2.9200682e-001 -1.9205590e-001
 -2.8276129e-001 -2.0067018e-001
 -2.9604461e-001 -1.9925808e-001
 -3.0158725e-001 -2.0080249e-001
 -2.8919999e-001 -1.9211964e-001
 -2.9436809e-001 -2.0185387e-001
 -2.8600612e-001 -1.9974610e-001
 -2.8254003e-001 -1.9302249e-001
 -2.8560493e-001 -1.9990987e-001
 -2.8124263e-001 -1.9961036e-001
 -2.9618018e-001 -1.9410661e-001
 -2.9873614e-001 -1.9595332e-001
 -2.8369496e-001 -1.9541038e-001
 -2.9037563e-001 -1.9699280e-001
 -2.9030367e-001 -1.9811745e-001
 -2.8153317e-001 -2.0029328e-001
 -2.9697608e-001 -2.0163053e-001
 -2.8153233e-001 -1.9468598e-001
 -2.9784038e-001 -1.9965552e-001
 -2.8169543e-001 -2.0219060e-001
 -4.4661247e-001 -1.9887102e-001
 -4.4242111e-001 -2.0168099e-001
 -4.4047138e-001 -2.0182694e-001
 -4.3822538e-001 -2.0627120e-001
 -4.3543724e-001 -2.0008214e-001
 -4.4505093e-001 -2.1409730e-001
 -4.4084671e-001 -2.1735388e-001
 -4.4829299e-001 -2.1803969e-001
 -4.2646989e-001 -2.1905212e-001
 -4.4781773e-001 -2.2073074e-001
 -4.4326589e-001 -2.2686171e-001
 -4.4127681e-001 -2.2724427e-001
 -4.3982177e-001 -2.2984087e-001
 -4.4816600e-001 -2.3109363e-001
 -4.3017786e-001 -2.4281660e-001
 -4.4472874e-001 -2.4426076e-001
 -4.3622489e-001 -2.3872235e-001
 -4.4465127e-001 -2.4106376e-001
 -4.4688404e-001 -2.4673217e-001
 -4.2771774e-001 -2.5076268e-001
 -4.3141960e-001 -2.4678576e-001
 -4.3801113e-001 -2.4880931e-001
 -4.3159732e-001 -2.5329003e-001
 -4.3899248e-001 -2.5575439e-001
 -4.3532179e-001 -2.5617227e-001
 -4.3493301e-001 -2.5656572e-001
 -4.3349739e-001 -2.4932993e-001
 -4.4957253e-001 -2.5440838e-001
 -4.4023268e-001 -2.6050570e-001
 -4.3778534e-001 -2.5156079e-001
 -4.3448747e-001 -2.5947211e-001
 -4.4201294e-001 -2.5216821e-001
 -4.2948469e-001 -2.5610783e-001
 -4.4177997e-001 -2.5415617e-001
 -4.4908529e-001 -2.5804140e-001
 -4.3845607e-001 -2.6395005e-001
 -4.3279429e-001 -2.6424705e-001
 -4.4969118e-001 -2.6191378e-001
 -4.2694946e-001 -2.5766540e-001
 -4.4527998e-001 -2.6547007e-001
 -4.3446265e-001 -2.5514025e-001
 -4.4504505e-001 -2.5645769e-001
 -4.4569656e-001 -2.5545991e-001
 -4.4065426e-001 -2.6397140e-001
 -4.2683842e-001 -2.6047860e-001
 -4.4921010e-001 -2.5486625e-001
 -4.2688697e-001 -2.6177907e-001
 -4.4991800e-001 -2.6312619e-001
 -4.2961848e-001 -2.5494067e-001
 -4.4698050e-001 -2.6666573e-001
 -4.4844916e-001 -2.5728011e-001
 -4.3743319e-001 -2.6306423e-001
 -4.3161256e-001 -2.6355192e-001
 -4.3156034e-001 -2.6106242e-001
 -4.4895336e-001 -2.5993903e-001
 -4.3828597e-001 -2.6604814e-001
 -4.4692189e-001 -2.6652068e-001
 -4.2616760e-001 -2.5659875e-001
 -4.4478371e-001 -2.6583544e-001
 -4.2594941e-001 -2.6333118e-001
 -4.3046996e-001 -2.6550249e-001
 -4.3365019e-001 -2.6604508e-001
 -4.2898512e-001 -2.5465381e-001
 -4.2621821e-001 -2.5824820e-001
 -4.4030274e-001 -2.5551407e-001
 -4.4687090e-001 -2.5551945e-001
 -4.2794475e-001 -2.5465296e-001
 -4.4967467e-001 -2.6490847e-001
 -4.2596454e-001 -2.6034147e-001
  1.2938991e-001 -2.6486308e-001
  1.1938896e-001 -2.6695081e-001
  1.2181984e-001 -2.4595807e-001
  1.2774294e-001 -2.4187414e-001
  1.3111034e-001 -2.1440664e-001
  1.4090164e-001 -1.9215628e-001
  1.3853090e-001 -1.6939867e-001
  1.2549880e-001 -1.5641687e-001
  1.3822678e-001 -1.3673560e-001
  1.3309661e-001 -1.1826307e-001
  1.2462735e-001 -9.6168303e-002
  1.3035798e-001 -7.6116120e-002
  1.3668378e-001 -6.5430288e-002
  1.3322128e-001 -4.1922145e-002
  1.2174953e-001 -3.3168549e-002
  1.2541492e-001 -1.8926673e-002
  1.4147223e-001 -3.1954399e-003
  1.2784962e-001  9.7500907e-003
  1.3119503e-001  1.9221375e-002
  1.4173093e-001  2.7073616e-002
  1.2281950e-001  3.4743193e-002
  1.3704118e-001  4.0585159e-002
  1.3898992e-001  4.8119556e-002
  1.3221956e-001  4.7940326e-002
  1.4071821e-001  5.7219866e-002
  1.3216674e-001  5.4738350e-002
  1.2026444e-001  6.3120878e-002
  1.3689185e-001  6.5223652e-002
  1.2823843e-001  6.7426365e-002
  1.2986032e-001  7.8347666e-002
  1.2241286e-001  7.7457108e-002
  1.3555358e-001  8.5766481e-002
  1.3914465e-001  7.7569550e-002
  1.2602802e-001  7.9984853e-002
  1.2484357e-001  8.5199643e-002
  1.2916782e-001  9.0231985e-002
  1.2476972e-001  9.2549204e-002
  1.3494298e-001  9.7034324e-002
  1.4063565e-001  9.7818412e-002
  1.3764798e-001  8.8154542e-002
  1.3856695e-001  9.5601269e-002
  1.3905356e-001  9.3407075e-002
  1.3476200e-001  1.0005527e-001
  1.1883689e-001  9.5888958e-002
  1.2950213e-001  1.0120351e-001
  1.2586253e-001  1.0191592e-001
  1.2835797e-001  1.0548538e-001
  1.3874693e-001  1.0639833e-001
  1.1851655e-001  1.0214240e-001
  1.3181901e-001  9.8227542e-002
  1.2022359e-001  9.8035161e-002
  1.2522350e-001  9.7316333e-002
  1.3760746e-001  1.0606235e-001
  1.2030874e-001  1.0328972e-001
  1.4015133e-001  1.0816808e-001
  1.1887645e-001  9.7845802e-002
  1.2608532e-001  1.0290335e-001
  1.3297350e-001  1.0745208e-001
  1.4049087e-001  9.6725975e-002
  1.2893337e-001  1.0742998e-001
  1.3971595e-001  9.9907660e-002
  1.4028069e-001  1.0382810e-001
  1.2297996e-001  9.7897986e-002
  1.2398949e-001  1.0224255e-001
  1.2754574e-001  1.0365655e-001
  1.2983560e-001  1.0681702e-001
  1.2725510e-001  1.0368622e-001
  1.3918430e-001  1.0697780e-001
  1.1992708e-001  1.0533467e-001
  9.1038746e-002  9.7612498e-002
  1.0968884e-001  1.0934747e-001
  1.1157439e-001  1.0679138e-001
  1.0670272e-001  9.9503623e-002
  1.0839633e-001  9.8441676e-002
  1.0819450e-001  9.6145639e-002
  9.4484613e-002  9.7476997e-002
  1.0586142e-001  9.9907267e-002
  9.1895645e-002  9.1131600e-002
  9.8456437e-002  9.1389640e-002
  9.9038588e-002  9.2034680e-002
  9.1868894e-002  9.6271527e-002
  1.0520723e-001  9.0337822e-002
  1.1315143e-001  9.4544011e-002
  1.0009973e-001  8.5655169e-002
  1.1316045e-001  8.9547607e-002
  1.1288811e-001  9.0703537e-002
  1.1149730e-001  8.3501318e-002
  1.0451259e-001  8.9446856e-002
  1.1259471e-001  8.4428692e-002
  1.0497200e-001  8.9021772e-002
  1.0667341e-001  8.7855208e-002
  9.6385108e-002  9.0660810e-002
  1.0359254e-001  8.7889914e-002
  1.0036171e-001  8.0604410e-002
  9.7180606e-002  9.0803139e-002
  1.0115326e-001  8.7674357e-002
  1.0644666e-001  7.8803855e-002
  1.0300083e-001  8.3548692e-002
  1.0641147e-001  7.7094595e-002
  1.0279058e-001  8.0018033e-002
  9.9278593e-002  8.8629913e-002
  9.6840408e-002  8.4473413e-002
  1.1095205e-001  7.9517126e-002
  1.0465101e-001  8.9101355e-002
  1.0817133e-001  8.8192810e-002
  1.0738178e-001  7.9501514e-002
  9.5301498e-002  8.4081870e-002
  9.7844985e-002  8.2084497e-002
  1.0671751e-001  7.6257804e-002
  1.0989168e-001  7.7018957e-002
  1.0024737e-001  8.8512541e-002
  1.0794226e-001  7.8218659e-002
  9.7907296e-002  8.2078982e-002
  9.3468465e-002  7.6683496e-002
  9.2234503e-002  7.7700769e-002
  9.0845243e-002  7.7151819e-002
  1.0283620e-001  7.5782908e-002
  1.0035270e-001  7.7950042e-002
  1.0974437e-001  7.7047006e-002
  1.0948283e-001  8.4032011e-002
  1.0348423e-001  7.5963706e-002
  9.8654419e-002  8.1845042e-002
  1.0964386e-001  7.7304947e-002
  1.1309709e-001  8.0020903e-002
  9.4161989e-002  8.4332993e-002
  9.1608427e-002  8.3288563e-002
  1.0421603e-001  8.1044674e-002
  9.3781488e-002  7.9772520e-002
  9.4803041e-002  8.7567108e-002
  1.0330653e-001  8.0248542e-002
  1.0250505e-001  7.5800082e-002
  9.3191166e-002  7.5946888e-002
  1.1354940e-001  8.0699119e-002
  9.3158928e-002  8.5383628e-002
  9.2402450e-002  8.0355508e-002
  9.9721186e-002  8.5415064e-002
  1.1059826e-001  8.3696257e-002
  9.7396726e-002  8.7729231e-002
 -3.8990995e-001  7.8398632e-002
 -4.0054627e-001  8.5437701e-002
 -3.9702865e-001  6.9200894e-002
 -3.9548784e-001  5.7237427e-002
 -3.7837321e-001  3.9166546e-002
 -3.8166784e-001  3.0745266e-002
 -3.9794484e-001  1.1965408e-002
 -3.8910434e-001 -1.9342059e-002
 -3.8008607e-001 -3.3762690e-002
 -3.9092941e-001 -5.3381077e-002
 -3.9000030e-001 -7.0217470e-002
 -3.8781987e-001 -8.6788151e-002
 -3.9743319e-001 -9.9819661e-002
 -3.9248541e-001 -1.0528013e-001
 -3.8984712e-001 -1.1955687e-001
 -3.9894205e-001 -1.3192768e-001
 -3.7930369e-001 -1.4363477e-001
 -4.0145409e-001 -1.5375890e-001
 -3.7918526e-001 -1.6433990e-001
 -3.8070666e-001 -1.6494590e-001
 -3.7999368e-001 -1.7631772e-001
 -3.8015276e-001 -1.7907898e-001
 -3.7831514e-001 -1.8933484e-001
 -3.8736633e-001 -1.9205207e-001
 -3.8687645e-001 -1.9794530e-001
 -3.8770141e-001 -2.0288294e-001
 -3.9750501e-001 -2.0361667e-001
 -3.8199311e-001 -2.0922628e-001
 -3.9625048e-001 -2.1409970e-001
 -3.9098917e-001 -2.2263298e-001
 -3.8570454e-001 -2.1371544e-001
 -3.9900225e-001 -2.1845368e-001
 -3.9088104e-001 -2.2617378e-001
 -3.9268761e-001 -2.2357877e-001
 -3.9534471e-001 -2.2614735e-001
 -3.9654995e-001 -2.3076314e-001
 -3.8160268e-001 -2.2591169e-001
 -4.0053601e-001 -2.2624060e-001
 -4.0081348e-001 -2.3548130e-001
 -3.9704288e-001 -2.3018295e-001
 -3.8702744e-001 -2.3801426e-001
 -3.9920771e-001 -2.3341250e-001
 -3.9552695e-001 -2.3281168e-001
 -3.9093869e-001 -2.3048970e-001
 -3.8422309e-001 -2.4153989e-001
 -3.8795062e-001 -2.4042555e-001
 -3.9223802e-001 -2.3926099e-001
 -3.7866352e-001 -2.3917535e-001
 -3.9147790e-001 -2.3634985e-001
 -3.8189722e-001 -2.4559045e-001
 -3.8237419e-001 -2.4121992e-001
 -3.9687401e-001 -2.4240501e-001
 -3.9708556e-001 -2.4683389e-001
 -3.9970703e-001 -2.3648057e-001
 -3.9488350e-001 -2.3990255e-001
 -3.9765128e-001 -2.3766397e-001
 -3.8185947e-001 -2.4530936e-001
 -3.9397932e-001 -2.3772529e-001
 -3.7921673e-001 -2.4525994e-001
 -3.8336735e-001 -2.4200906e-001
 -3.8965249e-001 -2.4687414e-001
 -3.8307560e-001 -2.4706315e-001
 -3.8953981e-001 -2.4165512e-001
 -3.8502254e-001 -2.3594493e-001
 -3.8160562e-001 -2.4364204e-001
 -3.9929157e-001 -2.3876581e-001
 -4.0184409e-001 -2.4794060e-001
 -3.7866061e-001 -2.4171622e-001
 -3.8929810e-001 -2.3872957e-001
 -2.8832081e-001 -2.4047566e-001
 -2.8471554e-001 -2.4493590e-001
 -2.8561798e-001 -2.4243926e-001
 -2.8018348e-001 -2.4555615e-001
 -2.7785550e-001 -2.4088197e-001
 -2.8085267e-001 -2.3083218e-001
 -2.8424325e-001 -2.3413200e-001
 -2.7731595e-001 -2.3371414e-001
 -2.7448056e-001 -2.2476726e-001
 -2.8330071e-001 -2.2234289e-001
 -2.9218993e-001 -2.1877256e-001
 -2.8292006e-001 -2.1331673e-001
 -2.7411789e-001 -2.2087852e-001
 -2.9066755e-001 -2.1511059e-001
 -2.8103885e-001 -2.1553772e-001
 -2.8995007e-001 -2.0774645e-001
 -2.8206960e-001 -2.1261805e-001
 -2.9412991e-001 -2.0845326e-001
 -2.8317341e-001 -2.0458888e-001
 -2.9353244e-001 -2.0166995e-001
 -2.8565635e-001 -1.9624937e-001
 -2.8167297e-001 -2.0459066e-001
 -2.7230029e-001 -2.0369781e-001
 -2.8987689e-001 -1.9561524e-001
 -2.9439447e-001 -2.0365585e-001
 -2.9081966e-001 -2.0058767e-001
 -2.7356276e-001 -1.9067867e-001
 -2.7648007e-001 -1.9981911e-001
 -2.8073269e-001 -1.9319377e-001
 -2.7969594e-001 -1.9261858e-001
 -2.9077319e-001 -1.8957432e-001
 -2.9393977e-001 -1.9003708e-001
 -2.8065617e-001 -1.9138615e-001
 -2.8831986e-001 -1.8822276e-001
 -2.9068400e-001 -1.9341083e-001
 -2.7210813e-001 -1.9596845e-001
 -2.7298274e-001 -1.9249081e-001
 -2.9356015e-001 -1.9348449e-001
 -2.7229317e-001 -1.9697578e-001
 -2.9052027e-001 -1.9294162e-001
 -2.8819453e-001 -1.9530857e-001
 -2.7949233e-001 -1.8841890e-001
 -2.8600629e-001 -1.9824992e-001
 -2.7988472e-001 -1.9049976e-001
 -2.8917560e-001 -1.9262948e-001
 -2.8812891e-001 -1.9208585e-001
 -2.7972553e-001 -1.9264442e-001
 -2.7667546e-001 -1.8876439e-001
 -2.8391439e-001 -1.8763659e-001
 -2.9380846e-001 -1.9212700e-001
 -2.7944667e-001 -1.9636513e-001
 -2.8537909e-001 -1.9026805e-001
 -2.8345800e-001 -1.9854095e-001
 -2.7592176e-001 -1.9168489e-001
 -2.7428181e-001 -1.9500612e-001
 -2.7873356e-001 -1.9182638e-001
 -2.9531004e-001 -1.9280632e-001
 -2.7238174e-001 -1.8731369e-001
 -2.7963750e-001 -1.9509243e-001
 -2.7636311e-001 -1.9640989e-001
 -2.8523448e-001 -1.8933109e-001
 -2.8924842e-001 -1.8874406e-001
 -2.9337554e-001 -1.8850492e-001
 -2.8286249e-001 -1.9064249e-001
 -2.7943231e-001 -1.8975917e-001
 -2.8887160e-001 -1.8766782e-001
 -2.7263575e-001 -1.9404873e-001
 -2.9404446e-001 -1.9685078e-001
 -2.8627116e-001 -1.9676770e-001
  8.7815735e-001 -1.9057215e-001
  8.7065807e-001 -1.9382327e-001
  8.8293964e-001 -1.8199014e-001
  8.7437849e-001 -1.5645759e-001
  8.8930940e-001 -1.2006715e-001
  8.7737656e-001 -9.2989510e-002
  8.7078126e-001 -4.6363703e-002
  8.6992006e-001 -1.3584861e-002
  8.6899605e-001  2.1940002e-002
  8.7037770e-001  4.9933408e-002
  8.7589656e-001  8.4700788e-002
  8.7490519e-001  1.1004987e-001
  8.7345657e-001  1.3492369e-001
  8.8302472e-001  1.6088499e-001
  8.8209626e-001  1.8411093e-001
  8.7934274e-001  2.1403814e-001
  8.8823151e-001  2.2860066e-001
  8.7372076e-001  2.4336673e-001
  8.7746125e-001  2.6202990e-001
  8.7015296e-001  2.8318315e-001
  8.8216292e-001  2.9050056e-001
  8.8943696e-001  3.0479743e-001
  8.8643080e-001  3.1173948e-001
  8.7419426e-001  3.2436641e-001
  8.7434731e-001  3.3075220e-001
  8.7954220e-001  3.4467042e-001
  8.8954160e-001  3.4912547e-001
  8.7177233e-001  3.5716961e-001
  8.7682155e-001  3.6258255e-001
  8.7760365e-001  3.6944935e-001
  8.7982186e-001  3.6428676e-001
  8.7679281e-001  3.7479333e-001
  8.7159927e-001  3.8380043e-001
  8.8948306e-001  3.8471663e-001
  8.8793297e-001  3.8597225e-001
  8.7039394e-001  3.9299668e-001
  8.8992311e-001  3.9633466e-001
  8.7239243e-001  3.9194807e-001
  8.8117635e-001  3.9352410e-001
  8.8529160e-001  3.9712146e-001
  8.8326031e-001  4.0093025e-001
  8.8286557e-001  4.0417450e-001
  8.8648965e-001  4.0454716e-001
  8.8079891e-001  4.0747650e-001
  8.8844509e-001  4.0477093e-001
  8.8035995e-001  4.0401754e-001
  8.7137911e-001  4.0194282e-001
  8.8564457e-001  4.0452077e-001
  8.7037857e-001  4.0881758e-001
  8.7003752e-001  4.0081168e-001
  8.7621053e-001  4.0100803e-001
  8.8506131e-001  4.1421314e-001
  8.8382336e-001  4.0763956e-001
  8.6686581e-001  4.1008585e-001
  8.9004575e-001  4.0670396e-001
  8.8968847e-001  4.1585474e-001
  8.8538087e-001  4.0852924e-001
  8.7985775e-001  4.0873538e-001
  8.7803236e-001  4.0761344e-001
  8.8615264e-001  4.1083482e-001
  8.8819629e-001  4.1412424e-001
  8.8772724e-001  4.0744950e-001
  8.7231843e-001  4.1530653e-001
  8.8393350e-001  4.1132083e-001
  8.7900491e-001  4.1663089e-001
  8.7954443e-001  4.0652498e-001
  8.6673015e-001  4.1288956e-001
  8.8399152e-001  4.1644835e-001
  8.9000944e-001  4.1212101e-001
 -2.4703763e-001  4.1194374e-001
 -2.5260905e-001  4.1340268e-001
 -2.4726404e-001  3.9693654e-001
 -2.6895817e-001  3.6931802e-001
 -2.5747624e-001  3.4447479e-001
 -2.4716637e-001  3.1210690e-001
 -2.4719921e-001  2.7509760e-001
 -2.5709705e-001  2.4069029e-001
 -2.4517199e-001  2.0233343e-001
 -2.6672263e-001  1.7905934e-001
 -2.6056323e-001  1.3747137e-001
 -2.5247397e-001  1.2065898e-001
 -2.5165318e-001  8.3136833e-002
 -2.6688187e-001  5.7895750e-002
 -2.5850850e-001  4.0401929e-002
 -2.4565061e-001  2.4121938e-002
 -2.6162392e-001  5.9656844e-003
 -2.6818190e-001 -2.1431806e-002
 -2.5118694e-001 -2.9041732e-002
 -2.6775009e-001 -4.3260570e-002
 -2.4715485e-001 -5.5731145e-002
 -2.5781891e-001 -7.3550624e-002
 -2.5505306e-001 -8.2934443e-002
 -2.5687336e-001 -8.6489222e-002
 -2.4677083e-001 -1.0112165e-001
 -2.5636774e-001 -1.0654796e-001
 -2.6628231e-001 -1.1761276e-001
 -2.4869382e-001 -1.1827607e-001
 -2.5118539e-001 -1.2176810e-001
 -2.5497814e-001 -1.2638620e-001
 -2.5560276e-001 -1.4167776e-001
 -2.6743115e-001 -1.3872873e-001
 -2.5493481e-001 -1.4381296e-001
 -2.6798434e-001 -1.4912554e-001
 -2.5124963e-001 -1.5493577e-001
 -2.6561174e-001 -1.4905475e-001
 -2.6758072e-001 -1.5255842e-001
 -2.5866306e-001 -1.5898642e-001
 -2.6347172e-001 -1.5387795e-001
 -2.6490168e-001 -1.5632389e-001
 -2.6895223e-001 -1.6268835e-001
 -2.6300572e-001 -1.6001946e-001
 -2.5122939e-001 -1.6392481e-001
 -2.6673086e-001 -1.6898653e-001
 -2.4957111e-001 -1.6604526e-001
 -2.5018867e-001 -1.6734945e-001
 -2.6683144e-001 -1.6837120e-001
 -2.6851636e-001 -1.6589882e-001
 -2.5581424e-001 -1.6726737e-001
 -2.6376845e-001 -1.7376335e-001
 -2.4521057e-001 -1.6688466e-001
 -2.5782082e-001 -1.7201828e-001
 -2.6209264e-001 -1.7232020e-001
 -2.5554201e-001 -1.7781041e-001
 -2.4995213e-001 -1.7558077e-001
 -2.4860951e-001 -1.6783706e-001
 -2.6029424e-001 -1.7834405e-001
 -2.5960066e-001 -1.7408988e-001
 -2.6446946e-001 -1.7718147e-001
 -2.6740727e-001 -1.7238386e-001
 -2.5957948e-001 -1.8072335e-001
 -2.5572788e-001 -1.7593409e-001
 -2.6628051e-001 -1.7872429e-001
 -2.5254541e-001 -1.7440596e-001
 -2.6825554e-001 -1.7813327e-001
 -2.5113809e-001 -1.7991759e-001
 -2.5532131e-001 -1.7306741e-001
 -2.5168495e-001 -1.7670702e-001
 -2.6835885e-001 -1.7385406e-001
 -8.0237593e-001 -1.7360809e-001
 -7.8727556e-001 -1.7704927e-001
 -8.0174759e-001 -1.8349681e-001
 -8.0031746e-001 -1.8855701e-001
 -7.9913114e-001 -1.8470763e-001
 -7.9934592e-001 -1.9390575e-001
 -7.9840561e-001 -1.9832124e-001
 -8.0312684e-001 -2.0825275e-001
 -8.0410078e-001 -2.2253874e-001
 -7.9715440e-001 -2.3190516e-001
 -8.0218143e-001 -2.3252149e-001
 -7.8358471e-001 -2.3928462e-001
 -7.8601850e-001 -2.4904703e-001
 -7.9263999e-001 -2.5166559e-001
 -7.9875098e-001 -2.5201172e-001
 -7.8145032e-001 -2.5516152e-001
 -7.9446013e-001 -2.5777053e-001
 -7.8509187e-001 -2.6799732e-001
 -7.9656794e-001 -2.7334509e-001
 -8.0003024e-001 -2.7206350e-001
 -7.8543242e-001 -2.7767704e-001
 -7.8580170e-001 -2.7498622e-001
 -7.9469425e-001 -2.7999559e-001
 -7.8176055e-001 -2.8223171e-001
 -7.9175725e-001 -2.8539031e-001
 -8.0342072e-001 -2.8486346e-001
 -8.0179920e-001 -2.8738347e-001
 -7.8583954e-001 -2.8886929e-001
 -7.9911789e-001 -2.8510798e-001
 -7.9052294e-001 -2.8828434e-001
 -7.8951000e-001 -2.8380245e-001
 -7.8891175e-001 -2.9136799e-001
 -7.9195058e-001 -2.8882395e-001
 -7.9716191e-001 -2.9137193e-001
 -7.9143259e-001 -2.8701838e-001
 -7.8943760e-001 -2.8914654e-001
 -7.9054020e-001 -2.9662945e-001
 -7.9659896e-001 -2.9805320e-001
 -8.0294815e-001 -2.9739271e-001
 -7.8682589e-001 -2.8775546e-001
 -7.8280586e-001 -2.9161755e-001
 -7.9300251e-001 -2.9337956e-001
 -7.9286627e-001 -2.9310216e-001
 -8.0430757e-001 -2.9738098e-001
 -8.0465901e-001 -2.9981648e-001
 -7.9091425e-001 -2.9111584e-001
 -7.9269847e-001 -2.9042605e-001
 -7.9935129e-001 -2.9773922e-001
 -8.0217457e-001 -2.9410234e-001
 -7.8422231e-001 -2.9186305e-001
 -7.9381969e-001 -2.9705250e-001
 -7.8157845e-001 -2.9892162e-001
 -7.8359312e-001 -2.9324777e-001
 -7.9625015e-001 -3.0144934e-001
 -7.8831885e-001 -2.9023355e-001
 -7.8348044e-001 -2.9447551e-001
 -7.8303636e-001 -2.9796468e-001
 -7.8850894e-001 -3.0061578e-001
 -7.8113818e-001 -3.0049618e-001
 -7.9980923e-001 -2.9424865e-001
 -7.9768462e-001 -2.9603121e-001
 -8.0084446e-001 -2.9873514e-001
 -7.9387812e-001 -2.9100414e-001
 -7.9436193e-001 -2.9374432e-001
 -8.0350024e-001 -2.9794543e-001
 -7.9704704e-001 -3.0214943e-001
 -7.9509064e-001 -2.9254837e-001
 -7.8300707e-001 -2.9319155e-001
 -7.8525588e-001 -2.9879408e-001
  9.0339310e-001 -3.0147873e-001
  9.1945294e-001 -3.0277354e-001
  9.1900846e-001 -2.8555751e-001
  9.1031288e-001 -2.5191974e-001
  9.1318317e-001 -2.2188205e-001
  9.0074752e-001 -1.7234750e-001
  9.0728525e-001 -1.4104648e-001
  9.1205229e-001 -9.3641083e-002
  8.9640114e-001 -4.9301538e-002
  9.1543860e-001 -1.3937324e-002
  9.1157586e-001  1.2556569e-002
  8.9664350e-001  4.6526925e-002
  9.0742162e-001  9.0473104e-002
  9.0915515e-001  1.1299688e-001
  9.1140428e-001  1.4334341e-001
  9.0631289e-001  1.6653905e-001
  9.0111711e-001  1.7980895e-001
  9.0606173e-001  2.0459374e-001
  9.1241522e-001  2.2548251e-001
  8.9666450e-001  2.3569372e-001
  9.1464372e-001  2.5171972e-001
  9.1578053e-001  2.7225736e-001
  9.0016092e-001  2.8776966e-001
  9.0215025e-001  2.9379199e-001
  9.1249292e-001  3.0772160e-001
  8.9822662e-001  3.1461879e-001
  9.1350448e-001  3.2153827e-001
  9.1965113e-001  3.2672933e-001
  9.0287602e-001  3.3260503e-001
  9.1521798e-001  3.3557548e-001
  9.1530755e-001  3.4751214e-001
  9.1165292e-001  3.5761453e-001
  9.1275779e-001  3.5516778e-001
  9.1967229e-001  3.5738369e-001
  9.1101259e-001  3.5738963e-001
  9.0147020e-001  3.6287519e-001
  9.0674159e-001  3.7566029e-001
  9.1649236e-001  3.7195418e-001
  9.0843926e-001  3.7480079e-001
  9.1990134e-001  3.7327173e-001
  9.1847699e-001  3.8213054e-001
  9.0903380e-001  3.7577382e-001
  9.1328456e-001  3.8768696e-001
  9.0450995e-001  3.8579228e-001
  8.9638491e-001  3.8585522e-001
  9.0596233e-001  3.8702882e-001
  8.9937725e-001  3.8607156e-001
  9.1315490e-001  3.8876223e-001
  9.1825343e-001  3.8686319e-001
  9.0326228e-001  3.8720464e-001
  9.0420168e-001  3.9499225e-001
  9.0312219e-001  3.9527315e-001
  9.1773509e-001  3.9370695e-001
  9.0800935e-001  3.9072360e-001
  9.1547133e-001  3.8768514e-001
  9.0020651e-001  3.8721683e-001
  8.9693343e-001  3.9782007e-001
  9.0172514e-001  3.9071587e-001
  9.1281528e-001  3.8693421e-001
  9.0347891e-001  3.9471920e-001
  9.1714010e-001  3.9754652e-001
  9.1804006e-001  3.9717792e-001
  9.1975189e-001  3.9205472e-001
  9.0843327e-001  3.9875840e-001
  9.1381791e-001  4.0074757e-001
  9.1691475e-001  3.9361675e-001
  9.0145042e-001  3.9581357e-001
  9.0472802e-001  3.9365560e-001
  8.9940743e-001  4.0038453e-001
  9.9518996e-001  3.9418488e-001
  1.0027098e+000  3.9382448e-001
  9.8797545e-001  3.8766008e-001
  1.0060958e+000  3.8943755e-001
  9.8634090e-001  3.8365833e-001
  9.9094774e-001  3.8385874e-001
  1.0097484e+000  3.7549319e-001
  1.0029624e+000  3.7928588e-001
  9.8891357e-001  3.7504640e-001
  9.9617737e-001  3.6405813e-001
  1.0002442e+000  3.6832571e-001
  9.9475383e-001  3.6196561e-001
  9.9009653e-001  3.5859188e-001
  1.0072581e+000  3.5089135e-001
  9.9353907e-001  3.5548735e-001
  1.0084402e+000  3.4633878e-001
  9.9359519e-001  3.4828986e-001
  1.0017164e+000  3.3837167e-001
  1.0072537e+000  3.3969967e-001
  1.0069080e+000  3.3861395e-001
  9.8920194e-001  3.3230075e-001
  9.9787012e-001  3.3296046e-001
  9.8606123e-001  3.3997346e-001
  9.9825219e-001  3.3088998e-001
  1.0042393e+000  3.3755878e-001
  1.0055026e+000  3.3340387e-001
  9.9081101e-001  3.3271422e-001
  1.0054390e+000  3.2417013e-001
  1.0040604e+000  3.2802624e-001
  9.9160335e-001  3.3217419e-001
  9.9291453e-001  3.2511284e-001
  1.0091086e+000  3.2159975e-001
  9.9925936e-001  3.2610184e-001
  9.9808767e-001  3.2755367e-001
  9.8995473e-001  3.2158443e-001
  9.8718680e-001  3.2910650e-001
  9.8744590e-001  3.1880679e-001
  9.9544092e-001  3.2719379e-001
  9.9774466e-001  3.2478472e-001
  9.9044471e-001  3.2243455e-001
  9.9518929e-001  3.3009097e-001
  9.8712423e-001  3.2828026e-001
  9.9671738e-001  3.1741220e-001
  9.9740935e-001  3.2632968e-001
  1.0002275e+000  3.2491243e-001
  1.0009901e+000  3.2262369e-001
  1.0004635e+000  3.2145747e-001
  1.0011070e+000  3.2764415e-001
  1.0085708e+000  3.2348641e-001
  9.8904908e-001  3.1637368e-001
  9.9853727e-001  3.2393201e-001
  9.9315146e-001  3.1669472e-001
  9.9776262e-001  3.2132234e-001
  9.8612006e-001  3.2362178e-001
  9.8686456e-001  3.2814798e-001
  9.9878085e-001  3.1941384e-001
  9.9730927e-001  3.2062099e-001
  1.0048780e+000  3.1654955e-001
  1.0093668e+000  3.2771776e-001
  1.0071014e+000  3.2527483e-001
  9.9692336e-001  3.2675502e-001
  9.8846025e-001  3.1631358e-001
  9.9633736e-001  3.1839180e-001
  9.9400953e-001  3.2875268e-001
  9.8775965e-001  3.2772030e-001
  9.9423415e-001  3.2653513e-001
  9.9645287e-001  3.2411539e-001
  9.8989323e-001  3.2423132e-001
  1.0063528e+000  3.2579110e-001
 -8.9066702e-001  3.1689550e-001
 -8.9846575e-001  3.2488387e-001
 -8.9820872e-001  3.0371048e-001
 -8.8859233e-001  2.8853053e-001
 -8.8161017e-001  2.4880821e-001
 -8.9726578e-001  2.1165338e-001
 -8.8225666e-001  1.7622031e-001
 -8.8676942e-001  1.5082668e-001
 -8.8805192e-001  1.1047046e-001
 -8.9685176e-001  7.4839073e-002
 -8.8493072e-001  5.0669442e-002
 -8.7971693e-001  2.3541130e-002
 -8.8985356e-001 -7.7311528e-003
 -8.8467333e-001 -2.9524074e-002
 -8.8655267e-001 -5.1325061e-002
 -8.8681510e-001 -7.4087802e-002
 -8.8550983e-001 -9.1007936e-002
 -8.9533146e-001 -1.1920681e-001
 -8.9576847e-001 -1.3548779e-001
 -8.9639553e-001 -1.4613464e-001
 -8.9413818e-001 -1.6127521e-001
 -8.8820802e-001 -1.6944486e-001
 -8.8714490e-001 -1.7939741e-001
 -8.8480871e-001 -1.8609586e-001
 -8.9815979e-001 -2.0417733e-001
 -8.8982754e-001 -2.0981702e-001
 -8.7676095e-001 -2.1905969e-001
 -8.8414345e-001 -2.1441850e-001
 -8.7659741e-001 -2.2900747e-001
 -8.9114862e-001 -2.3118840e-001
 -8.9781410e-001 -2.3652699e-001
 -8.8493223e-001 -2.4333091e-001
 -8.9029452e-001 -2.3986212e-001
 -8.9026175e-001 -2.5228694e-001
 -8.8039800e-001 -2.5505086e-001
 -8.8925360e-001 -2.5799537e-001
 -8.9851460e-001 -2.5687373e-001
 -8.7636909e-001 -2.6272339e-001
 -8.8680272e-001 -2.6076904e-001
 -8.9814750e-001 -2.6524101e-001
 -8.8620155e-001 -2.6252851e-001
 -8.8962004e-001 -2.6087016e-001
 -8.8116246e-001 -2.6030804e-001
 -8.8336818e-001 -2.7206753e-001
 -8.9739659e-001 -2.6574341e-001
 -8.9722569e-001 -2.7126501e-001
 -8.7860815e-001 -2.6371471e-001
 -8.9868827e-001 -2.6529424e-001
 -8.9600784e-001 -2.7281016e-001
 -8.9452910e-001 -2.7182753e-001
 -8.8721316e-001 -2.7173217e-001
 -8.9530504e-001 -2.7262219e-001
 -8.7668369e-001 -2.7328397e-001
 -8.8965183e-001 -2.7344522e-001
 -8.8428628e-001 -2.7490255e-001
 -8.9377280e-001 -2.7134368e-001
 -8.8619392e-001 -2.8067476e-001
 -8.8499632e-001 -2.7065752e-001
 -8.8049879e-001 -2.7614183e-001
 -8.7980399e-001 -2.7240611e-001
 -8.9221252e-001 -2.8176834e-001
 -8.7635246e-001 -2.7986346e-001
 -8.8558036e-001 -2.8255717e-001
 -8.9121210e-001 -2.7400328e-001
 -8.7774838e-001 -2.7780534e-001
 -8.8314781e-001 -2.7563882e-001
 -8.8215865e-001 -2.7314289e-001
 -8.9329002e-001 -2.7575938e-001
 -8.8403536e-001 -2.7852906e-001
 -1.2991991e-001 -2.8062148e-001
 -1.2733596e-001 -2.7587758e-001
 -1.1388428e-001 -2.7541083e-001
 -1.3386545e-001 -2.6093053e-001
 -1.3469380e-001 -2.5255652e-001
 -1.1341428e-001 -2.4882998e-001
 -1.2056901e-001 -2.2837842e-001
 -1.1458555e-001 -2.2017921e-001
 -1.3083918e-001 -2.1338979e-001
 -1.3250151e-001 -1.9669802e-001
 -1.3036534e-001 -1.9058894e-001
 -1.1482431e-001 -1.8759661e-001
 -1.2030173e-001 -1.7840277e-001
 -1.1260761e-001 -1.6527850e-001
 -1.1790604e-001 -1.5615670e-001
 -1.1765624e-001 -1.5697049e-001
 -1.2781236e-001 -1.5068686e-001
 -1.2914839e-001 -1.4857206e-001
 -1.2227667e-001 -1.3787518e-001
 -1.2121055e-001 -1.2907489e-001
 -1.2435251e-001 -1.2502873e-001
 -1.2202057e-001 -1.2423363e-001
 -1.3428266e-001 -1.2482517e-001
 -1.3106402e-001 -1.1482608e-001
 -1.3259621e-001 -1.1778225e-001
 -1.1371266e-001 -1.0880006e-001
 -1.2257938e-001 -1.0584389e-001
 -1.2311702e-001 -1.1416054e-001
 -1.3095952e-001 -1.0211215e-001
 -1.1385429e-001 -1.0177690e-001
 -1.3444393e-001 -1.0850548e-001
 -1.1368442e-001 -1.0926582e-001
 -1.2815636e-001 -1.0071243e-001
 -1.1422126e-001 -1.0191864e-001
 -1.2898168e-001 -1.0559590e-001
 -1.3376725e-001 -1.0450515e-001
 -1.2024814e-001 -9.6687233e-002
 -1.3313148e-001 -1.0055235e-001
 -1.1317251e-001 -1.0262215e-001
 -1.2793093e-001 -9.4276575e-002
 -1.2297274e-001 -1.0296918e-001
 -1.2798260e-001 -8.9794859e-002
 -1.1258655e-001 -1.0025141e-001
 -1.1877453e-001 -9.0795911e-002
 -1.2453709e-001 -9.1576579e-002
 -1.2014954e-001 -9.4600819e-002
 -1.1319742e-001 -9.6021512e-002
 -1.1406812e-001 -1.0048779e-001
 -1.2496028e-001 -9.0536372e-002
 -1.1987191e-001 -9.7612255e-002
 -1.3533023e-001 -8.8783081e-002
 -1.1790487e-001 -9.7931855e-002
 -1.2422086e-001 -8.8211327e-002
 -1.1827711e-001 -9.7656901e-002
 -1.1914048e-001 -9.3309842e-002
 -1.2034113e-001 -9.1100957e-002
 -1.1453055e-001 -9.4761214e-002
 -1.3458057e-001 -9.0949527e-002
 -1.2497600e-001 -8.7303028e-002
 -1.2243157e-001 -8.6402424e-002
 -1.2478334e-001 -9.4318735e-002
 -1.1374228e-001 -8.7930438e-002
 -1.2024931e-001 -9.6946758e-002
 -1.2786256e-001 -9.8527057e-002
 -1.3285547e-001 -9.1281249e-002
 -1.1710437e-001 -8.8260669e-002
 -1.1480701e-001 -9.5668636e-002
 -1.3406762e-001 -9.2446178e-002
 -1.2360274e-001 -9.8397819e-002
 -8.4056422e-001 -8.6872270e-002
 -8.4104343e-001 -8.7596917e-002
 -8.4565815e-001 -9.4759738e-002
 -8.5461487e-001 -1.0429181e-001
 -8.3747472e-001 -1.1889391e-001
 -8.4196761e-001 -1.2691385e-001
 -8.4329079e-001 -1.3862208e-001
 -8.3643485e-001 -1.4985233e-001
 -8.4452069e-001 -1.5534820e-001
 -8.5350212e-001 -1.6602812e-001
 -8.5521648e-001 -1.7653714e-001
 -8.3796842e-001 -1.9211042e-001
 -8.4874824e-001 -2.0452258e-001
 -8.3917921e-001 -2.1119450e-001
 -8.3547285e-001 -2.1845392e-001
 -8.5464744e-001 -2.2524209e-001
 -8.4663424e-001 -2.2816843e-001
 -8.3891812e-001 -2.3566801e-001
 -8.5006830e-001 -2.4426933e-001
 -8.3593174e-001 -2.4457776e-001
 -8.5119012e-001 -2.5294455e-001
 -8.4153554e-001 -2.5482963e-001
 -8.5867319e-001 -2.5204495e-001
 -8.4619468e-001 -2.5945031e-001
 -8.5664484e-001 -2.6290328e-001
 -8.5386712e-001 -2.6558441e-001
 -8.4630063e-001 -2.7259385e-001
 -8.5343471e-001 -2.7380576e-001
 -8.3904824e-001 -2.7460945e-001
 -8.4344527e-001 -2.7482161e-001
 -8.3858273e-001 -2.7724607e-001
 -8.4511153e-001 -2.7531401e-001
 -8.4105890e-001 -2.7626902e-001
 -8.3766183e-001 -2.8134377e-001
 -8.4304677e-001 -2.7760739e-001
 -8.5260730e-001 -2.7613911e-001
 -8.5151486e-001 -2.8460222e-001
 -8.4572561e-001 -2.8503350e-001
 -8.3974447e-001 -2.7753552e-001
 -8.4124486e-001 -2.8531093e-001
 -8.5767971e-001 -2.8842854e-001
 -8.3855523e-001 -2.8514695e-001
 -8.3586866e-001 -2.8367800e-001
 -8.4596948e-001 -2.7879910e-001
 -8.3548867e-001 -2.8813503e-001
 -8.4600346e-001 -2.8942907e-001
 -8.4650671e-001 -2.8021022e-001
 -8.4766438e-001 -2.8325149e-001
 -8.4625703e-001 -2.8389158e-001
 -8.3602743e-001 -2.9182882e-001
 -8.3853415e-001 -2.9205044e-001
 -8.3653860e-001 -2.8256027e-001
 -8.3664633e-001 -2.8681436e-001
 -8.4787735e-001 -2.8716191e-001
 -8.3508078e-001 -2.8837155e-001
 -8.5779252e-001 -2.8994188e-001
 -8.5358632e-001 -2.8759558e-001
 -8.4002246e-001 -2.8431230e-001
 -8.4656903e-001 -2.9114487e-001
 -8.4990575e-001 -2.8584405e-001
 -8.4326427e-001 -2.8520191e-001
 -8.4780064e-001 -2.8504348e-001
 -8.3910465e-001 -2.8752049e-001
 -8.4890126e-001 -2.8479438e-001
 -8.4498732e-001 -2.9094338e-001
 -8.4857029e-001 -2.8526842e-001
 -8.5346642e-001 -2.9244536e-001
 -8.3971574e-001 -2.8657440e-001
 -8.3855476e-001 -2.8812868e-001
  9.3134307e-001 -2.9382066e-001
  9.2849749e-001 -2.9020800e-001
  9.1723027e-001 -2.7624848e-001
  9.1622951e-001 -2.3686725e-001
  9.2708819e-001 -2.0550998e-001
  9.3732224e-001 -1.7325705e-001
  9.1966081e-001 -1.3289573e-001
  9.2893728e-001 -8.9990381e-002
  9.2724682e-001 -5.0241759e-002
  9.3748645e-001 -1.4908573e-002
  9.1707442e-001  2.3225965e-002
  9.2974634e-001  4.7367161e-002
  9.2759291e-001  8.7140750e-002
  9.3627927e-001  1.0419108e-001
  9.2516503e-001  1.3841655e-001
  9.3768236e-001  1.5768702e-001
  9.1784004e-001  1.7589295e-001
  9.3643412e-001  1.9582607e-001
  9.2865987e-001  2.2150533e-001
  9.3079187e-001  2.3220313e-001
  9.2943732e-001  2.4886918e-001
  9.1448623e-001  2.6899074e-001
  9.2834459e-001  2.8094444e-001
  9.1409904e-001  2.9020782e-001
  9.3587476e-001  2.9202890e-001
  9.3755486e-001  2.9825284e-001
  9.2207194e-001  3.1744638e-001
  9.1972363e-001  3.1921443e-001
  9.3625046e-001  3.2451966e-001
  9.2682205e-001  3.3192630e-001
  9.1979997e-001  3.3945773e-001
  9.2726909e-001  3.4533823e-001
  9.3758684e-001  3.4235494e-001
  9.3345419e-001  3.4616539e-001
  9.1847448e-001  3.5432208e-001
  9.1881640e-001  3.6154164e-001
  9.3241666e-001  3.5922065e-001
  9.3086871e-001  3.5792466e-001
  9.3270334e-001  3.6344842e-001
  9.2821202e-001  3.5931967e-001
  9.2332279e-001  3.7261206e-001
  9.1754681e-001  3.7173787e-001
  9.2258646e-001  3.6902763e-001
  9.3190570e-001  3.6693742e-001
  9.1799548e-001  3.7796911e-001
  9.1787199e-001  3.7771320e-001
  9.3680413e-001  3.7637466e-001
  9.3119118e-001  3.7086826e-001
  9.1978942e-001  3.8076602e-001
  9.1695449e-001  3.7883593e-001
  9.1789776e-001  3.8135953e-001
  9.2933638e-001  3.8099448e-001
  9.1545654e-001  3.7382352e-001
  9.3497399e-001  3.8400145e-001
  9.2678178e-001  3.7419812e-001
  9.2246678e-001  3.7519550e-001
  9.2263147e-001  3.7713422e-001
  9.9503955e-002  3.8008212e-001
